function data()
return {
	times = { 0, 41.667, 83.333, 125, 166.667, 208.333, 250, 291.667, 333.333, 375, 416.667, 458.333, 500, 541.667, 583.333, 625, 666.667, 708.333, 750, 791.667, 833.333, 1000, 1041.667, 1083.333, 1125, 1166.667, 1208.333, 1250, 1291.667, 1333.333, 1375, 1416.667, 1458.333, 1500, 1541.667, 1583.333, 1625, 1666.667, 1708.333, 1750, 1791.667, 1833.333, 1875, 1916.667, 1958.333, 2000, 2041.667, 2083.333, 2125, 2166.667, 2208.333, 2250, 2291.667, 2333.333, 2375, 2416.667, 2458.333, 2500, 2541.667, 2583.333, 2625, 2666.667, 2708.333, 2750, 2791.667, 2833.333, 2875, 2916.667, 2958.333, 3000, 3083.333, 3291.667, 3333.333, 3375, 3416.667, 3458.333, 3500, 3541.667, 3583.333, 3625, 3666.667, 3708.333, 3750, 3791.667, 3833.333, 3875, 3916.667, 3958.333, 4000, 4041.667, 4083.333, 4125, 4166.667, },
	transfs = {
		{ 1, 0, 0, 0, 0, 1, 0, 0, 0, 0, 1, 0, 0, 0, 0, 1, },
		{ 1, 0, 0, 0, 0, 1, 0, 0, 0, 0, 1, 0, 0.0048031616024673, 0, 0, 1, },
		{ 1, 0, 0, 0, 0, 1, 0, 0, 0, 0, 1, 0, 0.018226623535156, 0, 0, 1, },
		{ 1, 0, 0, 0, 0, 1, 0, 0, 0, 0, 1, 0, 0.038788758218288, 0, 0, 1, },
		{ 1, 0, 0, 0, 0, 1, 0, 0, 0, 0, 1, 0, 0.065009154379368, 0, 0, 1, },
		{ 1, 0, 0, 0, 0, 1, 0, 0, 0, 0, 1, 0, 0.095406495034695, 0, 0, 1, },
		{ 1, 0, 0, 0, 0, 1, 0, 0, 0, 0, 1, 0, 0.12850035727024, 0, 0, 1, },
		{ 1, 0, 0, 0, 0, 1, 0, 0, 0, 0, 1, 0, 0.16281035542488, 0, 0, 1, },
		{ 1, 0, 0, 0, 0, 1, 0, 0, 0, 0, 1, 0, 0.19685485959053, 0, 0, 1, },
		{ 1, 0, 0, 0, 0, 1, 0, 0, 0, 0, 1, 0, 0.2291531264782, 0, 0, 1, },
		{ 1, 0, 0, 0, 0, 1, 0, 0, 0, 0, 1, 0, 0.25822478532791, 0, 0, 1, },
		{ 0.99999701976776, 0, 0.0024302827659994, 0, 0, 1, 0, 0, -0.0024302827659994, 0, 0.99999701976776, 0, 0.28290313482285, 0, 0, 1, },
		{ 0.99995917081833, 0, 0.0090266494080424, 0, 0, 1, 0, 0, -0.0090266494080424, 0, 0.99995917081833, 0, 0.30327543616295, 0, 0, 1, },
		{ 0.99982422590256, 0, 0.018746811896563, 0, 0, 1, 0, 0, -0.018746811896563, 0, 0.99982422590256, 0, 0.31974485516548, 0, 0, 1, },
		{ 0.99953329563141, 0, 0.030547400936484, 0, 0, 1, 0, 0, -0.030547400936484, 0, 0.99953329563141, 0, 0.33271360397339, 0, 0, 1, },
		{ 0.99905848503113, 0, 0.043384321033955, 0, 0, 1, 0, 0, -0.043384321033955, 0, 0.99905848503113, 0, 0.34258300065994, 0, 0, 1, },
		{ 0.99841868877411, 0, 0.056214082986116, 0, 0, 1, 0, 0, -0.056214082986116, 0, 0.99841868877411, 0, 0.34860929846764, 0, 0, 1, },
		{ 0.99768555164337, 0, 0.067995466291904, 0, 0, 1, 0, 0, -0.067995466291904, 0, 0.99768555164337, 0, 0.35463562607765, 0, 0, 1, },
		{ 0.99697744846344, 0, 0.077690728008747, 0, 0, 1, 0, 0, -0.077690728008747, 0, 0.99697744846344, 0, 0.35374876856804, 0, 0, 1, },
		{ 0.99644333124161, 0, 0.084265545010567, 0, 0, 1, 0, 0, -0.084265545010567, 0, 0.99644333124161, 0, 0.35286194086075, 0, 0, 1, },
		{ 0.99623554944992, 0, 0.086686916649342, 0, 0, 1, 0, 0, -0.086686916649342, 0, 0.99623554944992, 0, 0.35197508335114, 0, 0, 1, },
		{ 0.99625325202942, 0, 0.08648356795311, 0, 0, 1, 0, 0, -0.08648356795311, 0, 0.99625325202942, 0, 0.34842771291733, 0, 0, 1, },
		{ 0.99627006053925, 0, 0.086289778351784, 0, 0, 1, 0, 0, -0.086289778351784, 0, 0.99627006053925, 0, 0.34754088521004, 0, 0, 1, },
		{ 0.99629509449005, 0, 0.086000628769398, 0, 0, 1, 0, 0, -0.086000628769398, 0, 0.99629509449005, 0, 0.34665405750275, 0, 0, 1, },
		{ 0.99632984399796, 0, 0.085597082972527, 0, 0, 1, 0, 0, -0.085597082972527, 0, 0.99632984399796, 0, 0.34576719999313, 0, 0, 1, },
		{ 0.99637573957443, 0, 0.085060067474842, 0, 0, 1, 0, 0, -0.085060067474842, 0, 0.99637573957443, 0, 0.34488037228584, 0, 0, 1, },
		{ 0.99643439054489, 0, 0.084370508790016, 0, 0, 1, 0, 0, -0.084370508790016, 0, 0.99643439054489, 0, 0.34399351477623, 0, 0, 1, },
		{ 0.99650692939758, 0, 0.083509244024754, 0, 0, 1, 0, 0, -0.083509244024754, 0, 0.99650692939758, 0, 0.34310668706894, 0, 0, 1, },
		{ 0.99668771028519, 0, 0.081323727965355, 0, 0, 1, 0, 0, -0.081323727965355, 0, 0.99668771028519, 0, 0.34221982955933, 0, 0, 1, },
		{ 0.99703937768936, 0, 0.076892666518688, 0, 0, 1, 0, 0, -0.076892666518688, 0, 0.99703937768936, 0, 0.33593443036079, 0, 0, 1, },
		{ 0.99750870466232, 0, 0.070543475449085, 0, 0, 1, 0, 0, -0.070543475449085, 0, 0.99750870466232, 0, 0.32964935898781, 0, 0, 1, },
		{ 0.99803841114044, 0, 0.06260371953249, 0, 0, 1, 0, 0, -0.06260371953249, 0, 0.99803841114044, 0, 0.32109680771828, 0, 0, 1, },
		{ 0.99857312440872, 0, 0.053401377052069, 0, 0, 1, 0, 0, -0.053401377052069, 0, 0.99857312440872, 0, 0.31254425644875, 0, 0, 1, },
		{ 0.99906361103058, 0, 0.043265525251627, 0, 0, 1, 0, 0, -0.043265525251627, 0, 0.99906361103058, 0, 0.3023995757103, 0, 0, 1, },
		{ 0.99947088956833, 0, 0.032526206225157, 0, 0, 1, 0, 0, -0.032526206225157, 0, 0.99947088956833, 0, 0.29125306010246, 0, 0, 1, },
		{ 0.99976855516434, 0, 0.021514380350709, 0, 0, 1, 0, 0, -0.021514380350709, 0, 0.99976855516434, 0, 0.27914795279503, 0, 0, 1, },
		{ 0.99994421005249, 0, 0.010561674833298, 0, 0, 1, 0, 0, -0.010561674833298, 0, 0.99994421005249, 0, 0.26612639427185, 0, 0, 1, },
		{ 1, 0, 0, 0, 0, 1, 0, 0, 0, 0, 1, 0, 0.25223389267921, 0, 0, 1, },
		{ 0.9999503493309, 0, -0.0099654877558351, 0, 0, 1, 0, 0, 0.0099654877558351, 0, 0.9999503493309, 0, 0.2375540137291, 0, 0, 1, },
		{ 0.99980717897415, 0, -0.019636174663901, 0, 0, 1, 0, 0, 0.019636174663901, 0, 0.99980717897415, 0, 0.22232940793037, 0, 0, 1, },
		{ 0.99956655502319, 0, -0.029440028592944, 0, 0, 1, 0, 0, 0.029440028592944, 0, 0.99956655502319, 0, 0.20684814453125, 0, 0, 1, },
		{ 0.99920749664307, 0, -0.039804626256227, 0, 0, 1, 0, 0, 0.039804626256227, 0, 0.99920749664307, 0, 0.19139343500137, 0, 0, 1, },
		{ 0.99869060516357, 0, -0.051156647503376, 0, 0, 1, 0, 0, 0.051156647503376, 0, 0.99869060516357, 0, 0.17624938488007, 0, 0, 1, },
		{ 0.99795496463776, 0, -0.063921123743057, 0, 0, 1, 0, 0, 0.063921123743057, 0, 0.99795496463776, 0, 0.1617019623518, 0, 0, 1, },
		{ 0.99691247940063, 0, -0.078520402312279, 0, 0, 1, 0, 0, 0.078520402312279, 0, 0.99691247940063, 0, 0.1480358839035, 0, 0, 1, },
		{ 0.99544161558151, 0, -0.095372498035431, 0, 0, 1, 0, 0, 0.095372498035431, 0, 0.99544161558151, 0, 0.13553526997566, 0, 0, 1, },
		{ 0.99337834119797, 0, -0.11488851159811, 0, 0, 1, 0, 0, 0.11488851159811, 0, 0.99337834119797, 0, 0.12448547035456, 0, 0, 1, },
		{ 0.99050605297089, 0, -0.1374688744545, 0, 0, 1, 0, 0, 0.1374688744545, 0, 0.99050605297089, 0, 0.11517120152712, 0, 0, 1, },
		{ 0.98658812046051, 0, -0.16322937607765, 0, 0, 1, 0, 0, 0.16322937607765, 0, 0.98658812046051, 0, 0.10850555449724, 0, 0, 1, },
		{ 0.98155111074448, 0, -0.19119974970818, 0, 0, 1, 0, 0, 0.19119974970818, 0, 0.98155111074448, 0, 0.10183990001678, 0, 0, 1, },
		{ 0.97546643018723, 0, -0.22014833986759, 0, 0, 1, 0, 0, 0.22014833986759, 0, 0.97546643018723, 0, 0.097204588353634, 0, 0, 1, },
		{ 0.96853852272034, 0, -0.24886378645897, 0, 0, 1, 0, 0, 0.24886378645897, 0, 0.96853852272034, 0, 0.092569574713707, 0, 0, 1, },
		{ 0.96110987663269, 0, -0.27616608142853, 0, 0, 1, 0, 0, 0.27616608142853, 0, 0.96110987663269, 0, 0.087955929338932, 0, 0, 1, },
		{ 0.95365118980408, 0, -0.30091413855553, 0, 0, 1, 0, 0, 0.30091413855553, 0, 0.95365118980408, 0, 0.083342589437962, 0, 0, 1, },
		{ 0.94673717021942, 0, -0.32200738787651, 0, 0, 1, 0, 0, 0.32200738787651, 0, 0.94673717021942, 0, 0.076739497482777, 0, 0, 1, },
		{ 0.9410098195076, 0, -0.33837929368019, 0, 0, 1, 0, 0, 0.33837929368019, 0, 0.9410098195076, 0, 0.070136107504368, 0, 0, 1, },
		{ 0.93712991476059, 0, -0.34898066520691, 0, 0, 1, 0, 0, 0.34898066520691, 0, 0.93712991476059, 0, 0.060785215348005, 0, 0, 1, },
		{ 0.93571579456329, 0, -0.35275465250015, 0, 0, 1, 0, 0, 0.35275465250015, 0, 0.93571579456329, 0, 0.048932492733002, 0, 0, 1, },
		{ 0.93583184480667, 0, -0.35244682431221, 0, 0, 1, 0, 0, 0.35244682431221, 0, 0.93583184480667, 0, 0.034295957535505, 0, 0, 1, },
		{ 0.93615102767944, 0, -0.3515981733799, 0, 0, 1, 0, 0, 0.3515981733799, 0, 0.93615102767944, 0, 0.017474975436926, 0, 0, 1, },
		{ 0.93662971258163, 0, -0.35032081604004, 0, 0, 1, 0, 0, 0.35032081604004, 0, 0.93662971258163, 0, -0.00070922850864008, 0, 0, 1, },
		{ 0.93722438812256, 0, -0.34872689843178, 0, 0, 1, 0, 0, 0.34872689843178, 0, 0.93722438812256, 0, -0.019435424357653, 0, 0, 1, },
		{ 0.93789154291153, 0, -0.3469286262989, 0, 0, 1, 0, 0, 0.3469286262989, 0, 0.93789154291153, 0, -0.037883300334215, 0, 0, 1, },
		{ 0.93858855962753, 0, -0.34503841400146, 0, 0, 1, 0, 0, 0.34503841400146, 0, 0.93858855962753, 0, -0.055232543498278, 0, 0, 1, },
		{ 0.93927365541458, 0, -0.34316900372505, 0, 0, 1, 0, 0, 0.34316900372505, 0, 0.93927365541458, 0, -0.07066223025322, 0, 0, 1, },
		{ 0.93990582227707, 0, -0.34143364429474, 0, 0, 1, 0, 0, 0.34143364429474, 0, 0.93990582227707, 0, -0.08335205167532, 0, 0, 1, },
		{ 0.94044506549835, 0, -0.33994567394257, 0, 0, 1, 0, 0, 0.33994567394257, 0, 0.94044506549835, 0, -0.092480160295963, 0, 0, 1, },
		{ 0.94085168838501, 0, -0.3388187289238, 0, 0, 1, 0, 0, 0.3388187289238, 0, 0.94085168838501, 0, -0.095300294458866, 0, 0, 1, },
		{ 0.94114691019058, 0, -0.33799782395363, 0, 0, 1, 0, 0, 0.33799782395363, 0, 0.94114691019058, 0, -0.098120115697384, 0, 0, 1, },
		{ 0.94138270616531, 0, -0.33734029531479, 0, 0, 1, 0, 0, 0.33734029531479, 0, 0.94138270616531, 0, -0.10094024240971, 0, 0, 1, },
		{ 0.94170373678207, 0, -0.33644312620163, 0, 0, 1, 0, 0, 0.33644312620163, 0, 0.94170373678207, 0, -0.10068969428539, 0, 0, 1, },
		{ 0.94193637371063, 0, -0.33579131960869, 0, 0, 1, 0, 0, 0.33579131960869, 0, 0.94193637371063, 0, -0.10006377846003, 0, 0, 1, },
		{ 0.94193750619888, 0, -0.33578830957413, 0, 0, 1, 0, 0, 0.33578830957413, 0, 0.94193750619888, 0, -0.099938355386257, 0, 0, 1, },
		{ 0.94155073165894, 0, -0.33687123656273, 0, 0, 1, 0, 0, 0.33687123656273, 0, 0.94155073165894, 0, -0.099813230335712, 0, 0, 1, },
		{ 0.94049459695816, 0, -0.33980852365494, 0, 0, 1, 0, 0, 0.33980852365494, 0, 0.94049459695816, 0, -0.086180418729782, 0, 0, 1, },
		{ 0.93892151117325, 0, -0.34413117170334, 0, 0, 1, 0, 0, 0.34413117170334, 0, 0.93892151117325, 0, -0.06609008461237, 0, 0, 1, },
		{ 0.93698471784592, 0, -0.34937024116516, 0, 0, 1, 0, 0, 0.34937024116516, 0, 0.93698471784592, 0, -0.041694641113281, 0, 0, 1, },
		{ 0.93484383821487, 0, -0.35505917668343, 0, 0, 1, 0, 0, 0.35505917668343, 0, 0.93484383821487, 0, -0.015146789140999, 0, 0, 1, },
		{ 0.93266832828522, 0, -0.36073502898216, 0, 0, 1, 0, 0, 0.36073502898216, 0, 0.93266832828522, 0, 0.011400756426156, 0, 0, 1, },
		{ 0.93063879013062, 0, -0.36593893170357, 0, 0, 1, 0, 0, 0.36593893170357, 0, 0.93063879013062, 0, 0.035796202719212, 0, 0, 1, },
		{ 0.92894566059113, 0, -0.37021589279175, 0, 0, 1, 0, 0, 0.37021589279175, 0, 0.92894566059113, 0, 0.055886533111334, 0, 0, 1, },
		{ 0.92778557538986, 0, -0.37311375141144, 0, 0, 1, 0, 0, 0.37311375141144, 0, 0.92778557538986, 0, 0.06951904296875, 0, 0, 1, },
		{ 0.92735588550568, 0, -0.37418040633202, 0, 0, 1, 0, 0, 0.37418040633202, 0, 0.92735588550568, 0, 0.066749267280102, 0, 0, 1, },
		{ 0.93300342559814, 0, -0.35986739397049, 0, 0, 1, 0, 0, 0.35986739397049, 0, 0.93300342559814, 0, 0.063979491591454, 0, 0, 1, },
		{ 0.94672274589539, 0, -0.32204958796501, 0, 0, 1, 0, 0, 0.32204958796501, 0, 0.94672274589539, 0, 0.06121002137661, 0, 0, 1, },
		{ 0.96331351995468, 0, -0.26837864518166, 0, 0, 1, 0, 0, 0.26837864518166, 0, 0.96331351995468, 0, 0.058440245687962, 0, 0, 1, },
		{ 0.97834932804108, 0, -0.20695999264717, 0, 0, 1, 0, 0, 0.20695999264717, 0, 0.97834932804108, 0, 0.048302609473467, 0, 0, 1, },
		{ 0.9892064332962, 0, -0.14652866125107, 0, 0, 1, 0, 0, 0.14652866125107, 0, 0.9892064332962, 0, 0.03727050870657, 0, 0, 1, },
		{ 0.9954959154129, 0, -0.094804286956787, 0, 0, 1, 0, 0, 0.094804286956787, 0, 0.9954959154129, 0, 0.026238402351737, 0, 0, 1, },
		{ 0.99854904413223, 0, -0.053848255425692, 0, 0, 1, 0, 0, 0.053848255425692, 0, 0.99854904413223, 0, 0.016100767999887, 0, 0, 1, },
		{ 0.99970829486847, 0, -0.024149229750037, 0, 0, 1, 0, 0, 0.024149229750037, 0, 0.99970829486847, 0, 0.0090939328074455, 0, 0, 1, },
		{ 0.99998146295547, 0, -0.0060897129587829, 0, 0, 1, 0, 0, 0.0060897129587829, 0, 0.99998146295547, 0, 0.0020870971493423, 0, 0, 1, },
		{ 1, 0, 0, 0, 0, 1, 0, 0, 0, 0, 1, 0, 0, 0, 0, 1, },
	},
}
end
