function data()
return {
	times = { 0, 41.667, 83.333, 125, 166.667, 208.333, 250, 291.667, 333.333, 375, 416.667, 458.333, 500, 541.667, 583.333, 625, 666.667, 708.333, 750, 791.667, 833.333, 875, 916.667, 958.333, 1000, 1041.667, 1083.333, 1125, 1166.667, 1208.333, 1250, 1291.667, 1333.333, 1375, 1416.667, 1458.333, 1500, 1541.667, 1583.333, 1625, 1666.667, 1708.333, 1750, 1791.667, 1833.333, 1875, 1916.667, 1958.333, 2000, 2041.667, 2083.333, 2125, 2166.667, 2208.333, 2250, 2291.667, 2333.333, 2375, 2416.667, 2458.333, 2500, 2541.667, 2583.333, 2625, 2666.667, 2708.333, 2750, 2791.667, 2833.333, 2875, 2916.667, 2958.333, 3000, 3041.667, 3083.333, 3125, 3166.667, 3208.333, 3250, 3291.667, 3333.333, 3375, 3416.667, 3458.333, 3500, 3541.667, 3583.333, 3625, 3666.667, 3708.333, 3750, 3791.667, 3833.333, 3875, 3916.667, 3958.333, 4000, 4041.667, 4083.333, 4125, 4166.667, },
	transfs = {
		{ 1, 0, 0, 0, 0, 1, 0, 0, 0, 0, 1, 0, 0, 0, 0, 1, },
		{ 0.99999988079071, 0, -0.00040912459371611, 0, 0, 1, 0, 0, 0.00040912459371611, 0, 0.99999988079071, 0, -0.0084965517744422, 0, 0.0013413238339126, 1, },
		{ 0.99999874830246, 0, -0.0015928042121232, 0, 0, 1, 0, 0, 0.0015928042121232, 0, 0.99999874830246, 0, -0.030771484598517, 0, 0.0051251980476081, 1, },
		{ 0.99999392032623, 0, -0.0034854933619499, 0, 0, 1, 0, 0, 0.0034854933619499, 0, 0.99999392032623, 0, -0.062002941966057, 0, 0.010991401039064, 1, },
		{ 0.99998182058334, 0, -0.0060216332785785, 0, 0, 1, 0, 0, 0.0060216332785785, 0, 0.99998182058334, 0, -0.097368888556957, 0, 0.018579788506031, 1, },
		{ 0.99995827674866, 0, -0.0091356476768851, 0, 0, 1, 0, 0, 0.0091356476768851, 0, 0.99995827674866, 0, -0.13204747438431, 0, 0.027530172839761, 1, },
		{ 0.99991858005524, 0, -0.012761926278472, 0, 0, 1, 0, 0, 0.012761926278472, 0, 0.99991858005524, 0, -0.16221462190151, 0, 0.037560079246759, 1, },
		{ 0.99985826015472, 0, -0.016834827139974, 0, 0, 1, 0, 0, 0.016834827139974, 0, 0.99985826015472, 0, -0.18803830444813, 0, 0.048697624355555, 1, },
		{ 0.99977338314056, 0, -0.021288679912686, 0, 0, 1, 0, 0, 0.021288679912686, 0, 0.99977338314056, 0, -0.21068444848061, 0, 0.061048772186041, 1, },
		{ 0.99966043233871, 0, -0.02605776488781, 0, 0, 1, 0, 0, 0.02605776488781, 0, 0.99966043233871, 0, -0.23131895065308, 0, 0.074719429016113, 1, },
		{ 0.99951696395874, 0, -0.031076380982995, 0, 0, 1, 0, 0, 0.031076380982995, 0, 0.99951696395874, 0, -0.25110769271851, 0, 0.089815407991409, 1, },
		{ 0.99934124946594, 0, -0.036288976669312, 0, 0, 1, 0, 0, 0.036288976669312, 0, 0.99934124946594, 0, -0.27095338702202, 0, 0.10640594363213, 1, },
		{ 0.99913096427917, 0, -0.041680708527565, 0, 0, 1, 0, 0, 0.041680708527565, 0, 0.99913096427917, 0, -0.29070553183556, 0, 0.12441325932741, 1, },
		{ 0.99888324737549, 0, -0.047246959060431, 0, 0, 1, 0, 0, 0.047246959060431, 0, 0.99888324737549, 0, -0.30995044112206, 0, 0.14372272789478, 1, },
		{ 0.99859535694122, 0, -0.052983034402132, 0, 0, 1, 0, 0, 0.052983034402132, 0, 0.99859535694122, 0, -0.32827433943748, 0, 0.1642200499773, 1, },
		{ 0.99826472997665, 0, -0.058884207159281, 0, 0, 1, 0, 0, 0.058884207159281, 0, 0.99826472997665, 0, -0.34526351094246, 0, 0.185790553689, 1, },
		{ 0.99788874387741, 0, -0.064945720136166, 0, 0, 1, 0, 0, 0.064945720136166, 0, 0.99788874387741, 0, -0.36057859659195, 0, 0.20832401514053, 1, },
		{ 0.99746471643448, 0, -0.071162819862366, 0, 0, 1, 0, 0, 0.071162819862366, 0, 0.99746471643448, 0, -0.37417736649513, 0, 0.23172679543495, 1, },
		{ 0.99698996543884, 0, -0.077530674636364, 0, 0, 1, 0, 0, 0.077530674636364, 0, 0.99698996543884, 0, -0.38609185814857, 0, 0.25590923428535, 1, },
		{ 0.99646198749542, 0, -0.084044419229031, 0, 0, 1, 0, 0, 0.084044419229031, 0, 0.99646198749542, 0, -0.3963543176651, 0, 0.28078213334084, 1, },
		{ 0.99587833881378, 0, -0.090699151158333, 0, 0, 1, 0, 0, 0.090699151158333, 0, 0.99587833881378, 0, -0.40499678254128, 0, 0.30625599622726, 1, },
		{ 0.99523681402206, 0, -0.09748662263155, 0, 0, 1, 0, 0, 0.09748662263155, 0, 0.99523681402206, 0, -0.41204729676247, 0, 0.33223879337311, 1, },
		{ 0.99453693628311, 0, -0.10438486933708, 0, 0, 1, 0, 0, 0.10438486933708, 0, 0.99453693628311, 0, -0.41751766204834, 0, 0.35862949490547, 1, },
		{ 0.99377912282944, 0, -0.11136865615845, 0, 0, 1, 0, 0, 0.11136865615845, 0, 0.99377912282944, 0, -0.42141550779343, 0, 0.38532426953316, 1, },
		{ 0.99296438694, 0, -0.11841276288033, 0, 0, 1, 0, 0, 0.11841276288033, 0, 0.99296438694, 0, -0.42374858260155, 0, 0.41221964359283, 1, },
		{ 0.99209463596344, 0, -0.12549196183681, 0, 0, 1, 0, 0, 0.12549196183681, 0, 0.99209463596344, 0, -0.42452457547188, 0, 0.43921184539795, 1, },
		{ 0.99117213487625, 0, -0.13258117437363, 0, 0, 1, 0, 0, 0.13258117437363, 0, 0.99117213487625, 0, -0.42359641194344, 0, 0.46619614958763, 1, },
		{ 0.9902001619339, 0, -0.13965535163879, 0, 0, 1, 0, 0, 0.13965535163879, 0, 0.9902001619339, 0, -0.42084869742393, 0, 0.49306413531303, 1, },
		{ 0.989182472229, 0, -0.14668966829777, 0, 0, 1, 0, 0, 0.14668966829777, 0, 0.989182472229, 0, -0.41633647680283, 0, 0.51970607042313, 1, },
		{ 0.98812383413315, 0, -0.15365925431252, 0, 0, 1, 0, 0, 0.15365925431252, 0, 0.98812383413315, 0, -0.41011497378349, 0, 0.54601228237152, 1, },
		{ 0.98702943325043, 0, -0.16053935885429, 0, 0, 1, 0, 0, 0.16053935885429, 0, 0.98702943325043, 0, -0.40223920345306, 0, 0.57187306880951, 1, },
		{ 0.98590523004532, 0, -0.16730472445488, 0, 0, 1, 0, 0, 0.16730472445488, 0, 0.98590523004532, 0, -0.39276307821274, 0, 0.59718155860901, 1, },
		{ 0.98475861549377, 0, -0.17392659187317, 0, 0, 1, 0, 0, 0.17392659187317, 0, 0.98475861549377, 0, -0.38173505663872, 0, 0.62184083461761, 1, },
		{ 0.98359769582748, 0, -0.18037585914135, 0, 0, 1, 0, 0, 0.18037585914135, 0, 0.98359769582748, 0, -0.36920237541199, 0, 0.64575725793839, 1, },
		{ 0.98243153095245, 0, -0.18662323057652, 0, 0, 1, 0, 0, 0.18662323057652, 0, 0.98243153095245, 0, -0.35521215200424, 0, 0.6688369512558, 1, },
		{ 0.98126947879791, 0, -0.19263997673988, 0, 0, 1, 0, 0, 0.19263997673988, 0, 0.98126947879791, 0, -0.33981171250343, 0, 0.69098567962646, 1, },
		{ 0.98012161254883, 0, -0.1983972042799, 0, 0, 1, 0, 0, 0.1983972042799, 0, 0.98012161254883, 0, -0.32305246591568, 0, 0.71211349964142, 1, },
		{ 0.97899866104126, 0, -0.20386633276939, 0, 0, 1, 0, 0, 0.20386633276939, 0, 0.97899866104126, 0, -0.30500346422195, 0, 0.73214519023895, 1, },
		{ 0.97791159152985, 0, -0.20901891589165, 0, 0, 1, 0, 0, 0.20901891589165, 0, 0.97791159152985, 0, -0.28573796153069, 0, 0.75101011991501, 1, },
		{ 0.97687160968781, 0, -0.21382649242878, 0, 0, 1, 0, 0, 0.21382649242878, 0, 0.97687160968781, 0, -0.26532927155495, 0, 0.76863706111908, 1, },
		{ 0.97589045763016, 0, -0.2182609885931, 0, 0, 1, 0, 0, 0.2182609885931, 0, 0.97589045763016, 0, -0.24385073781013, 0, 0.78495466709137, 1, },
		{ 0.97497868537903, 0, -0.22229805588722, 0, 0, 1, 0, 0, 0.22229805588722, 0, 0.97497868537903, 0, -0.22137968242168, 0, 0.79989409446716, 1, },
		{ 0.97414356470108, 0, -0.22592957317829, 0, 0, 1, 0, 0, 0.22592957317829, 0, 0.97414356470108, 0, -0.19800938665867, 0, 0.81339412927628, 1, },
		{ 0.97339087724686, 0, -0.22915114462376, 0, 0, 1, 0, 0, 0.22915114462376, 0, 0.97339087724686, 0, -0.17383727431297, 0, 0.82539564371109, 1, },
		{ 0.97272574901581, 0, -0.23195829987526, 0, 0, 1, 0, 0, 0.23195829987526, 0, 0.97272574901581, 0, -0.14896067976952, 0, 0.83583921194077, 1, },
		{ 0.97215306758881, 0, -0.23434670269489, 0, 0, 1, 0, 0, 0.23434670269489, 0, 0.97215306758881, 0, -0.1234769821167, 0, 0.84466594457626, 1, },
		{ 0.97167724370956, 0, -0.23631176352501, 0, 0, 1, 0, 0, 0.23631176352501, 0, 0.97167724370956, 0, -0.097484700381756, 0, 0.85183167457581, 1, },
		{ 0.97130221128464, 0, -0.23784853518009, 0, 0, 1, 0, 0, 0.23784853518009, 0, 0.97130221128464, 0, -0.07108711451292, 0, 0.85735136270523, 1, },
		{ 0.97103118896484, 0, -0.23895253241062, 0, 0, 1, 0, 0, 0.23895253241062, 0, 0.97103118896484, 0, -0.04438865557313, 0, 0.8612562417984, 1, },
		{ 0.97086709737778, 0, -0.23961862921715, 0, 0, 1, 0, 0, 0.23961862921715, 0, 0.97086709737778, 0, -0.017493782564998, 0, 0.86279982328415, 1, },
		{ 0.97087836265564, 0, -0.23957304656506, 0, 0, 1, 0, 0, 0.23957304656506, 0, 0.97087836265564, 0, 0.0094930650666356, 0, 0.8643434047699, 1, },
		{ 0.97088950872421, 0, -0.23952743411064, 0, 0, 1, 0, 0, 0.23952743411064, 0, 0.97088950872421, 0, 0.036467131227255, 0, 0.86340266466141, 1, },
		{ 0.97111582756042, 0, -0.23860865831375, 0, 0, 1, 0, 0, 0.23860865831375, 0, 0.97111582756042, 0, 0.063322558999062, 0, 0.86062455177307, 1, },
		{ 0.97147989273071, 0, -0.23712199926376, 0, 0, 1, 0, 0, 0.23712199926376, 0, 0.97147989273071, 0, 0.089953154325485, 0, 0.85607528686523, 1, },
		{ 0.97197031974792, 0, -0.23510365188122, 0, 0, 1, 0, 0, 0.23510365188122, 0, 0.97197031974792, 0, 0.11625266820192, 0, 0.84982132911682, 1, },
		{ 0.97257483005524, 0, -0.23258991539478, 0, 0, 1, 0, 0, 0.23258991539478, 0, 0.97257483005524, 0, 0.14211486279964, 0, 0.84192901849747, 1, },
		{ 0.97328108549118, 0, -0.22961676120758, 0, 0, 1, 0, 0, 0.22961676120758, 0, 0.97328108549118, 0, 0.16743476688862, 0, 0.83245986700058, 1, },
		{ 0.97407615184784, 0, -0.22622027993202, 0, 0, 1, 0, 0, 0.22622027993202, 0, 0.97407615184784, 0, 0.19211184978485, 0, 0.82145673036575, 1, },
		{ 0.97494721412659, 0, -0.22243645787239, 0, 0, 1, 0, 0, 0.22243645787239, 0, 0.97494721412659, 0, 0.21604686975479, 0, 0.80895763635635, 1, },
		{ 0.97588133811951, 0, -0.21830140054226, 0, 0, 1, 0, 0, 0.21830140054226, 0, 0.97588133811951, 0, 0.2391401976347, 0, 0.79500073194504, 1, },
		{ 0.97686618566513, 0, -0.21385137736797, 0, 0, 1, 0, 0, 0.21385137736797, 0, 0.97686618566513, 0, 0.26129266619682, 0, 0.77962416410446, 1, },
		{ 0.97789037227631, 0, -0.20911781489849, 0, 0, 1, 0, 0, 0.20911781489849, 0, 0.97789037227631, 0, 0.28241091966629, 0, 0.76287227869034, 1, },
		{ 0.97894734144211, 0, -0.20411299169064, 0, 0, 1, 0, 0, 0.20411299169064, 0, 0.97894734144211, 0, 0.30242532491684, 0, 0.74481624364853, 1, },
		{ 0.98003101348877, 0, -0.19884479045868, 0, 0, 1, 0, 0, 0.19884479045868, 0, 0.98003101348877, 0, 0.32127222418785, 0, 0.72553372383118, 1, },
		{ 0.9811355471611, 0, -0.19332085549831, 0, 0, 1, 0, 0, 0.19332085549831, 0, 0.9811355471611, 0, 0.33888819813728, 0, 0.70510190725327, 1, },
		{ 0.98225528001785, 0, -0.18754880130291, 0, 0, 1, 0, 0, 0.18754880130291, 0, 0.98225528001785, 0, 0.35520946979523, 0, 0.68359863758087, 1, },
		{ 0.98338425159454, 0, -0.18153640627861, 0, 0, 1, 0, 0, 0.18153640627861, 0, 0.98338425159454, 0, 0.37017169594765, 0, 0.66110444068909, 1, },
		{ 0.98451656103134, 0, -0.17529164254665, 0, 0, 1, 0, 0, 0.17529164254665, 0, 0.98451656103134, 0, 0.38370737433434, 0, 0.63771384954453, 1, },
		{ 0.9856464266777, 0, -0.16882233321667, 0, 0, 1, 0, 0, 0.16882233321667, 0, 0.9856464266777, 0, 0.39574807882309, 0, 0.61352443695068, 1, },
		{ 0.98676830530167, 0, -0.16213640570641, 0, 0, 1, 0, 0, 0.16213640570641, 0, 0.98676830530167, 0, 0.40622547268867, 0, 0.58863365650177, 1, },
		{ 0.98787647485733, 0, -0.15524193644524, 0, 0, 1, 0, 0, 0.15524193644524, 0, 0.98787647485733, 0, 0.41507107019424, 0, 0.5631388425827, 1, },
		{ 0.98896455764771, 0, -0.14815214276314, 0, 0, 1, 0, 0, 0.14815214276314, 0, 0.98896455764771, 0, 0.42223453521729, 0, 0.5371390581131, 1, },
		{ 0.99002373218536, 0, -0.14090040326118, 0, 0, 1, 0, 0, 0.14090040326118, 0, 0.99002373218536, 0, 0.42773738503456, 0, 0.51073741912842, 1, },
		{ 0.99104529619217, 0, -0.13352550566196, 0, 0, 1, 0, 0, 0.13352550566196, 0, 0.99104529619217, 0, 0.43161913752556, 0, 0.48403811454773, 1, },
		{ 0.99202179908752, 0, -0.12606632709503, 0, 0, 1, 0, 0, 0.12606632709503, 0, 0.99202179908752, 0, 0.43391925096512, 0, 0.45714557170868, 1, },
		{ 0.99294662475586, 0, -0.11856200546026, 0, 0, 1, 0, 0, 0.11856200546026, 0, 0.99294662475586, 0, 0.43381693959236, 0, 0.4301640689373, 1, },
		{ 0.99381458759308, 0, -0.11105177551508, 0, 0, 1, 0, 0, 0.11105177551508, 0, 0.99381458759308, 0, 0.43371453881264, 0, 0.40319836139679, 1, },
		{ 0.99462157487869, 0, -0.10357507318258, 0, 0, 1, 0, 0, 0.10357507318258, 0, 0.99462157487869, 0, 0.43089228868484, 0, 0.37635493278503, 1, },
		{ 0.9953647851944, 0, -0.096171364188194, 0, 0, 1, 0, 0, 0.096171364188194, 0, 0.9953647851944, 0, 0.42630839347839, 0, 0.34974077343941, 1, },
		{ 0.99604231119156, 0, -0.088880278170109, 0, 0, 1, 0, 0, 0.088880278170109, 0, 0.99604231119156, 0, 0.42006099224091, 0, 0.32346287369728, 1, },
		{ 0.99665355682373, 0, -0.081741474568844, 0, 0, 1, 0, 0, 0.081741474568844, 0, 0.99665355682373, 0, 0.41224819421768, 0, 0.29762798547745, 1, },
		{ 0.99719923734665, 0, -0.074790641665459, 0, 0, 1, 0, 0, 0.074790641665459, 0, 0.99719923734665, 0, 0.40294253826141, 0, 0.27234002947807, 1, },
		{ 0.99768209457397, 0, -0.068047195672989, 0, 0, 1, 0, 0, 0.068047195672989, 0, 0.99768209457397, 0, 0.39211389422417, 0, 0.2476908415556, 1, },
		{ 0.99810546636581, 0, -0.06152642890811, 0, 0, 1, 0, 0, 0.06152642890811, 0, 0.99810546636581, 0, 0.37970653176308, 0, 0.22376857697964, 1, },
		{ 0.99847286939621, 0, -0.055243611335754, 0, 0, 1, 0, 0, 0.055243611335754, 0, 0.99847286939621, 0, 0.36566486954689, 0, 0.20066188275814, 1, },
		{ 0.99878823757172, 0, -0.049213938415051, 0, 0, 1, 0, 0, 0.049213938415051, 0, 0.99878823757172, 0, 0.34993296861649, 0, 0.17845924198627, 1, },
		{ 0.99905550479889, 0, -0.043452624231577, 0, 0, 1, 0, 0, 0.043452624231577, 0, 0.99905550479889, 0, 0.33253481984138, 0, 0.15725207328796, 1, },
		{ 0.99927866458893, 0, -0.037974763661623, 0, 0, 1, 0, 0, 0.037974763661623, 0, 0.99927866458893, 0, 0.3138122856617, 0, 0.13714350759983, 1, },
		{ 0.9994620680809, 0, -0.032795447856188, 0, 0, 1, 0, 0, 0.032795447856188, 0, 0.9994620680809, 0, 0.2941871881485, 0, 0.11823989450932, 1, },
		{ 0.9996098279953, 0, -0.027929686009884, 0, 0, 1, 0, 0, 0.027929686009884, 0, 0.9996098279953, 0, 0.2740806043148, 0, 0.10064712166786, 1, },
		{ 0.99972635507584, 0, -0.023392440751195, 0, 0, 1, 0, 0, 0.023392440751195, 0, 0.99972635507584, 0, 0.25391435623169, 0, 0.084471546113491, 1, },
		{ 0.99981564283371, 0, -0.01919929869473, 0, 0, 1, 0, 0, 0.01919929869473, 0, 0.99981564283371, 0, 0.23384189605713, 0, 0.069788247346878, 1, },
		{ 0.99988186359406, 0, -0.015368363820016, 0, 0, 1, 0, 0, 0.015368363820016, 0, 0.99988186359406, 0, 0.21294516324997, 0, 0.05654838308692, 1, },
		{ 0.99992889165878, 0, -0.011918349191546, 0, 0, 1, 0, 0, 0.011918349191546, 0, 0.99992889165878, 0, 0.19003783166409, 0, 0.044672165066004, 1, },
		{ 0.99996066093445, 0, -0.0088679306209087, 0, 0, 1, 0, 0, 0.0088679306209087, 0, 0.99996066093445, 0, 0.16393409669399, 0, 0.034079857170582, 1, },
		{ 0.99998050928116, 0, -0.0062357545830309, 0, 0, 1, 0, 0, 0.0062357545830309, 0, 0.99998050928116, 0, 0.13344752788544, 0, 0.024691581726074, 1, },
		{ 0.99999177455902, 0, -0.0040404512546957, 0, 0, 1, 0, 0, 0.0040404512546957, 0, 0.99999177455902, 0, 0.098402097821236, 0, 0.016483459621668, 1, },
		{ 0.99999737739563, 0, -0.0023006331175566, 0, 0, 1, 0, 0, 0.0023006331175566, 0, 0.99999737739563, 0, 0.062661245465279, 0, 0.0096549224108458, 1, },
		{ 0.99999940395355, 0, -0.0010348941432312, 0, 0, 1, 0, 0, 0.0010348941432312, 0, 0.99999940395355, 0, 0.031098403036594, 0, 0.004461326636374, 1, },
		{ 0.99999988079071, 0, -0.00026182091096416, 0, 0, 1, 0, 0, 0.00026182091096416, 0, 0.99999988079071, 0, 0.0085868453606963, 0, 0.0011578750563785, 1, },
		{ 1, 0, 0, 0, 0, 1, 0, 0, 0, 0, 1, 0, 0, 0, 0, 1, },
	},
}
end
