function data()
return {
	times = { 0, 41.667, 83.333, 125, 166.667, 208.333, 250, 291.667, 333.333, 375, 416.667, 458.333, 500, 541.667, 583.333, 625, 666.667, 708.333, 750, 791.667, 833.333, 875, 916.667, 958.333, 1000, 1041.667, 1083.333, 1125, 1166.667, 1208.333, 1250, 1291.667, 1333.333, 1375, 1416.667, 1458.333, 1500, 1541.667, 1583.333, 1625, 1666.667, 1708.333, 1750, 1791.667, 1833.333, 1875, 1916.667, 1958.333, 2000, 2041.667, 2083.333, 2125, 2166.667, 2208.333, 2250, 2291.667, 2333.333, 2375, 2416.667, 2458.333, 2500, 2541.667, 2583.333, 2625, 2666.667, 2708.333, 2750, 2791.667, 2833.333, 2875, 2916.667, 2958.333, 3000, 3041.667, 3083.333, 3125, 3166.667, 3208.333, 3250, 3291.667, 3333.333, 3375, 3416.667, 3458.333, 3500, 3541.667, 3583.333, 3625, 3666.667, 3708.333, 3750, 3791.667, 3833.333, 3875, 3916.667, 3958.333, 4000, 4041.667, 4083.333, 4125, 4166.667, },
	transfs = {
		{ 1, 0, 0, 0, 0, 1, 0, 0, 0, 0, 1, 0, 0, 0, 0, 1, },
		{ 0.99999970197678, 0, 0.00076277926564217, 0, 0, 1, 0, 0, -0.00076277926564217, 0, 0.99999970197678, 0, 0.00039985656621866, 0, -0.0015886687906459, 1, },
		{ 0.99999576807022, 0, 0.0029183933511376, 0, 0, 1, 0, 0, -0.0029183933511376, 0, 0.99999576807022, 0, 0.00079971313243732, 0, -0.0060645290650427, 1, },
		{ 0.99998033046722, 0, 0.0062677375972271, 0, 0, 1, 0, 0, -0.0062677375972271, 0, 0.99998033046722, 0, 0.0011995696695521, 0, -0.012992858886719, 1, },
		{ 0.99994361400604, 0, 0.010611646808684, 0, 0, 1, 0, 0, -0.010611646808684, 0, 0.99994361400604, 0, 0.0019881820771843, 0, -0.021938476711512, 1, },
		{ 0.99987590312958, 0, 0.015750868245959, 0, 0, 1, 0, 0, -0.015750868245959, 0, 0.99987590312958, 0, 0.0027767943684012, 0, -0.032466504722834, 1, },
		{ 0.99976909160614, 0, 0.021486066281796, 0, 0, 1, 0, 0, -0.021486066281796, 0, 0.99976909160614, 0, 0.003565406659618, 0, -0.044141922146082, 1, },
		{ 0.99961853027344, 0, 0.027617864310741, 0, 0, 1, 0, 0, -0.027617864310741, 0, 0.99961853027344, 0, 0.0043540573678911, 0, -0.056529998779297, 1, },
		{ 0.99942356348038, 0, 0.033946882933378, 0, 0, 1, 0, 0, -0.033946882933378, 0, 0.99942356348038, 0, 0.0047539137303829, 0, -0.069195479154587, 1, },
		{ 0.99918860197067, 0, 0.04027384147048, 0, 0, 1, 0, 0, -0.04027384147048, 0, 0.99918860197067, 0, 0.0051537705585361, 0, -0.081703715026379, 1, },
		{ 0.99892288446426, 0, 0.046399615705013, 0, 0, 1, 0, 0, -0.046399615705013, 0, 0.99892288446426, 0, 0.0055536269210279, 0, -0.093619383871555, 1, },
		{ 0.99863827228546, 0, 0.052167452871799, 0, 0, 1, 0, 0, -0.052167452871799, 0, 0.99863827228546, 0, 0.0048593138344586, 0, -0.10459464788437, 1, },
		{ 0.99834036827087, 0, 0.057589218020439, 0, 0, 1, 0, 0, -0.057589218020439, 0, 0.99834036827087, 0, 0.0028618238866329, 0, -0.11462852358818, 1, },
		{ 0.99803113937378, 0, 0.062718972563744, 0, 0, 1, 0, 0, -0.062718972563744, 0, 0.99803113937378, 0, -0.0003102493355982, 0, -0.12380713969469, 1, },
		{ 0.99771171808243, 0, 0.067610651254654, 0, 0, 1, 0, 0, -0.067610651254654, 0, 0.99771171808243, 0, -0.0045286561362445, 0, -0.13221648335457, 1, },
		{ 0.99738156795502, 0, 0.072318181395531, 0, 0, 1, 0, 0, -0.072318181395531, 0, 0.99738156795502, 0, -0.009664916433394, 0, -0.13994246721268, 1, },
		{ 0.99703913927078, 0, 0.076895475387573, 0, 0, 1, 0, 0, -0.076895475387573, 0, 0.99703913927078, 0, -0.015590629540384, 0, -0.14707115292549, 1, },
		{ 0.99668174982071, 0, 0.081396348774433, 0, 0, 1, 0, 0, -0.081396348774433, 0, 0.99668174982071, 0, -0.022177428007126, 0, -0.15368865430355, 1, },
		{ 0.99630588293076, 0, 0.085874564945698, 0, 0, 1, 0, 0, -0.085874564945698, 0, 0.99630588293076, 0, -0.029296835884452, 0, -0.15988105535507, 1, },
		{ 0.99590700864792, 0, 0.090383775532246, 0, 0, 1, 0, 0, -0.090383775532246, 0, 0.99590700864792, 0, -0.036820523440838, 0, -0.16573417186737, 1, },
		{ 0.99547934532166, 0, 0.094977639615536, 0, 0, 1, 0, 0, -0.094977639615536, 0, 0.99547934532166, 0, -0.044620018452406, 0, -0.1713340729475, 1, },
		{ 0.99501842260361, 0, 0.099690429866314, 0, 0, 1, 0, 0, -0.099690429866314, 0, 0.99501842260361, 0, -0.052587430924177, 0, -0.17673972249031, 1, },
		{ 0.99452698230743, 0, 0.10447990894318, 0, 0, 1, 0, 0, -0.10447990894318, 0, 0.99452698230743, 0, -0.060696486383677, 0, -0.18190161883831, 1, },
		{ 0.99401044845581, 0, 0.10928481072187, 0, 0, 1, 0, 0, -0.10928481072187, 0, 0.99401044845581, 0, -0.068941384553909, 0, -0.186743080616, 1, },
		{ 0.99347567558289, 0, 0.11404384672642, 0, 0, 1, 0, 0, -0.11404384672642, 0, 0.99347567558289, 0, -0.077316433191299, 0, -0.19118766486645, 1, },
		{ 0.99293059110641, 0, 0.11869602650404, 0, 0, 1, 0, 0, -0.11869602650404, 0, 0.99293059110641, 0, -0.08581580966711, 0, -0.19515861570835, 1, },
		{ 0.9923842549324, 0, 0.12318036705256, 0, 0, 1, 0, 0, -0.12318036705256, 0, 0.9923842549324, 0, -0.094433665275574, 0, -0.19857940077782, 1, },
		{ 0.99184679985046, 0, 0.12743610143661, 0, 0, 1, 0, 0, -0.12743610143661, 0, 0.99184679985046, 0, -0.10316436737776, 0, -0.2013732790947, 1, },
		{ 0.99132907390594, 0, 0.13140261173248, 0, 0, 1, 0, 0, -0.13140261173248, 0, 0.99132907390594, 0, -0.11200198531151, 0, -0.20346373319626, 1, },
		{ 0.99084293842316, 0, 0.13501946628094, 0, 0, 1, 0, 0, -0.13501946628094, 0, 0.99084293842316, 0, -0.12094081938267, 0, -0.20434592664242, 1, },
		{ 0.99040073156357, 0, 0.1382260620594, 0, 0, 1, 0, 0, -0.1382260620594, 0, 0.99040073156357, 0, -0.12997505068779, 0, -0.20522812008858, 1, },
		{ 0.99001264572144, 0, 0.14097808301449, 0, 0, 1, 0, 0, -0.14097808301449, 0, 0.99001264572144, 0, -0.13909663259983, 0, -0.20455580949783, 1, },
		{ 0.98968011140823, 0, 0.1432943046093, 0, 0, 1, 0, 0, -0.1432943046093, 0, 0.98968011140823, 0, -0.14828796684742, 0, -0.20388343930244, 1, },
		{ 0.98940086364746, 0, 0.14520938694477, 0, 0, 1, 0, 0, -0.14520938694477, 0, 0.98940086364746, 0, -0.15752921998501, 0, -0.2032111287117, 1, },
		{ 0.98917239904404, 0, 0.14675782620907, 0, 0, 1, 0, 0, -0.14675782620907, 0, 0.98917239904404, 0, -0.16680052876472, 0, -0.20160460472107, 1, },
		{ 0.98899126052856, 0, 0.14797392487526, 0, 0, 1, 0, 0, -0.14797392487526, 0, 0.98899126052856, 0, -0.1760821044445, 0, -0.19950744509697, 1, },
		{ 0.98885345458984, 0, 0.14889219403267, 0, 0, 1, 0, 0, -0.14889219403267, 0, 0.98885345458984, 0, -0.18535403907299, 0, -0.19690535962582, 1, },
		{ 0.98875463008881, 0, 0.14954683184624, 0, 0, 1, 0, 0, -0.14954683184624, 0, 0.98875463008881, 0, -0.19459648430347, 0, -0.19378432631493, 1, },
		{ 0.9886901974678, 0, 0.14997212588787, 0, 0, 1, 0, 0, -0.14997212588787, 0, 0.9886901974678, 0, -0.20378959178925, 0, -0.19013015925884, 1, },
		{ 0.98866754770279, 0, 0.15012174844742, 0, 0, 1, 0, 0, -0.15012174844742, 0, 0.98866754770279, 0, -0.21291346848011, 0, -0.18592864274979, 1, },
		{ 0.98864471912384, 0, 0.15027134120464, 0, 0, 1, 0, 0, -0.15027134120464, 0, 0.98864471912384, 0, -0.221948325634, 0, -0.18116562068462, 1, },
		{ 0.98873627185822, 0, 0.14966832101345, 0, 0, 1, 0, 0, -0.14966832101345, 0, 0.98873627185822, 0, -0.23085291683674, 0, -0.17583587765694, 1, },
		{ 0.98899340629578, 0, 0.14795908331871, 0, 0, 1, 0, 0, -0.14795908331871, 0, 0.98899340629578, 0, -0.23950059711933, 0, -0.16996985673904, 1, },
		{ 0.98938870429993, 0, 0.14529296755791, 0, 0, 1, 0, 0, -0.14529296755791, 0, 0.98938870429993, 0, -0.24774335324764, 0, -0.16360671818256, 1, },
		{ 0.98989254236221, 0, 0.14181926846504, 0, 0, 1, 0, 0, -0.14181926846504, 0, 0.98989254236221, 0, -0.25543320178986, 0, -0.15678581595421, 1, },
		{ 0.9904757142067, 0, 0.13768717646599, 0, 0, 1, 0, 0, -0.13768717646599, 0, 0.9904757142067, 0, -0.26242208480835, 0, -0.14954635500908, 1, },
		{ 0.99110984802246, 0, 0.13304620981216, 0, 0, 1, 0, 0, -0.13304620981216, 0, 0.99110984802246, 0, -0.26856210827827, 0, -0.1419276446104, 1, },
		{ 0.99176818132401, 0, 0.12804602086544, 0, 0, 1, 0, 0, -0.12804602086544, 0, 0.99176818132401, 0, -0.27370512485504, 0, -0.1339690387249, 1, },
		{ 0.99242681264877, 0, 0.12283685058355, 0, 0, 1, 0, 0, -0.12283685058355, 0, 0.99242681264877, 0, -0.27770325541496, 0, -0.12570975720882, 1, },
		{ 0.99306470155716, 0, 0.1175691857934, 0, 0, 1, 0, 0, -0.1175691857934, 0, 0.99306470155716, 0, -0.28040841221809, 0, -0.11718910187483, 1, },
		{ 0.99366372823715, 0, 0.1123940423131, 0, 0, 1, 0, 0, -0.1123940423131, 0, 0.99366372823715, 0, -0.2816726565361, 0, -0.10844627022743, 1, },
		{ 0.99421262741089, 0, 0.10743046551943, 0, 0, 1, 0, 0, -0.10743046551943, 0, 0.99421262741089, 0, -0.28207474946976, 0, -0.09951987862587, 1, },
		{ 0.99471563100815, 0, 0.10266871005297, 0, 0, 1, 0, 0, -0.10266871005297, 0, 0.99471563100815, 0, -0.28247687220573, 0, -0.090445093810558, 1, },
		{ 0.99517983198166, 0, 0.098066717386246, 0, 0, 1, 0, 0, -0.098066717386246, 0, 0.99517983198166, 0, -0.28268945217133, 0, -0.081256560981274, 1, },
		{ 0.99561148881912, 0, 0.093582339584827, 0, 0, 1, 0, 0, -0.093582339584827, 0, 0.99561148881912, 0, -0.28290206193924, 0, -0.071988753974438, 1, },
		{ 0.9960161447525, 0, 0.089173272252083, 0, 0, 1, 0, 0, -0.089173272252083, 0, 0.9960161447525, 0, -0.28311464190483, 0, -0.062676161527634, 1, },
		{ 0.99639821052551, 0, 0.08479717373848, 0, 0, 1, 0, 0, -0.08479717373848, 0, 0.99639821052551, 0, -0.28315585851669, 0, -0.053353115916252, 1, },
		{ 0.99676167964935, 0, 0.080411642789841, 0, 0, 1, 0, 0, -0.080411642789841, 0, 0.99676167964935, 0, -0.28319704532623, 0, -0.044054411351681, 1, },
		{ 0.9971097111702, 0, 0.075974091887474, 0, 0, 1, 0, 0, -0.075974091887474, 0, 0.9971097111702, 0, -0.2832382619381, 0, -0.034814450889826, 1, },
		{ 0.99744468927383, 0, 0.071442060172558, 0, 0, 1, 0, 0, -0.071442060172558, 0, 0.99744468927383, 0, -0.28327947854996, 0, -0.025667646899819, 1, },
		{ 0.99776816368103, 0, 0.066772937774658, 0, 0, 1, 0, 0, -0.066772937774658, 0, 0.99776816368103, 0, -0.2833206653595, 0, -0.016648711636662, 1, },
		{ 0.99808025360107, 0, 0.061934161931276, 0, 0, 1, 0, 0, -0.061934161931276, 0, 0.99808025360107, 0, -0.28268587589264, 0, -0.0077896877191961, 1, },
		{ 0.99837797880173, 0, 0.056933663785458, 0, 0, 1, 0, 0, -0.056933663785458, 0, 0.99837797880173, 0, -0.28084915876389, 0, 0.00088623043848202, 1, },
		{ 0.99865794181824, 0, 0.051789458841085, 0, 0, 1, 0, 0, -0.051789458841085, 0, 0.99865794181824, 0, -0.27791225910187, 0, 0.009358367882669, 1, },
		{ 0.99891740083694, 0, 0.046519607305527, 0, 0, 1, 0, 0, -0.046519607305527, 0, 0.99891740083694, 0, -0.27397677302361, 0, 0.017605742439628, 1, },
		{ 0.99915331602097, 0, 0.04114218428731, 0, 0, 1, 0, 0, -0.04114218428731, 0, 0.99915331602097, 0, -0.2691442668438, 0, 0.025607757270336, 1, },
		{ 0.9993634223938, 0, 0.0356753654778, 0, 0, 1, 0, 0, -0.0356753654778, 0, 0.9993634223938, 0, -0.26351648569107, 0, 0.033343430608511, 1, },
		{ 0.99954575300217, 0, 0.030137315392494, 0, 0, 1, 0, 0, -0.030137315392494, 0, 0.99954575300217, 0, -0.25719502568245, 0, 0.040792006999254, 1, },
		{ 0.99969869852066, 0, 0.024546213448048, 0, 0, 1, 0, 0, -0.024546213448048, 0, 0.99969869852066, 0, -0.25028151273727, 0, 0.047932736575603, 1, },
		{ 0.99982094764709, 0, 0.018920291215181, 0, 0, 1, 0, 0, -0.018920291215181, 0, 0.99982094764709, 0, -0.24287758767605, 0, 0.05474479496479, 1, },
		{ 0.99991178512573, 0, 0.013277768157423, 0, 0, 1, 0, 0, -0.013277768157423, 0, 0.99991178512573, 0, -0.23508490622044, 0, 0.061207424849272, 1, },
		{ 0.99997073411942, 0, 0.0076463627628982, 0, 0, 1, 0, 0, -0.0076463627628982, 0, 0.99997073411942, 0, -0.22699421644211, 0, 0.06729469448328, 1, },
		{ 0.9999977350235, 0, 0.0020916811190546, 0, 0, 1, 0, 0, -0.0020916811190546, 0, 0.9999977350235, 0, -0.21865285933018, 0, 0.07295997440815, 1, },
		{ 0.99999445676804, 0, -0.0033112105447799, 0, 0, 1, 0, 0, 0.0033112105447799, 0, 0.99999445676804, 0, -0.21009731292725, 0, 0.078151851892471, 1, },
		{ 0.99996393918991, 0, -0.0084872636944056, 0, 0, 1, 0, 0, 0.0084872636944056, 0, 0.99996393918991, 0, -0.20136398077011, 0, 0.082818679511547, 1, },
		{ 0.99991065263748, 0, -0.013361475430429, 0, 0, 1, 0, 0, 0.013361475430429, 0, 0.99991065263748, 0, -0.19248935580254, 0, 0.086909256875515, 1, },
		{ 0.99984043836594, 0, -0.01785889454186, 0, 0, 1, 0, 0, 0.01785889454186, 0, 0.99984043836594, 0, -0.18350985646248, 0, 0.090371549129486, 1, },
		{ 0.99976009130478, 0, -0.021904623135924, 0, 0, 1, 0, 0, 0.021904623135924, 0, 0.99976009130478, 0, -0.17446205019951, 0, 0.093154221773148, 1, },
		{ 0.99967670440674, 0, -0.025423863902688, 0, 0, 1, 0, 0, 0.025423863902688, 0, 0.99967670440674, 0, -0.16538226604462, 0, 0.094814300537109, 1, },
		{ 0.99959820508957, 0, -0.028341796249151, 0, 0, 1, 0, 0, 0.028341796249151, 0, 0.99959820508957, 0, -0.15630707144737, 0, 0.096474379301071, 1, },
		{ 0.99953216314316, 0, -0.030583718791604, 0, 0, 1, 0, 0, 0.030583718791604, 0, 0.99953216314316, 0, -0.14727279543877, 0, 0.096006616950035, 1, },
		{ 0.99947881698608, 0, -0.032281029969454, 0, 0, 1, 0, 0, 0.032281029969454, 0, 0.99947881698608, 0, -0.13830803334713, 0, 0.095538787543774, 1, },
		{ 0.99943399429321, 0, -0.033640068024397, 0, 0, 1, 0, 0, 0.033640068024397, 0, 0.99943399429321, 0, -0.12940940260887, 0, 0.095071025192738, 1, },
		{ 0.99939775466919, 0, -0.034698449075222, 0, 0, 1, 0, 0, 0.034698449075222, 0, 0.99939775466919, 0, -0.12056548893452, 0, 0.094603270292282, 1, },
		{ 0.99936991930008, 0, -0.035493765026331, 0, 0, 1, 0, 0, 0.035493765026331, 0, 0.99936991930008, 0, -0.11176490783691, 0, 0.09413543343544, 1, },
		{ 0.99934947490692, 0, -0.036063622683287, 0, 0, 1, 0, 0, 0.036063622683287, 0, 0.99934947490692, 0, -0.10299640148878, 0, 0.093667678534985, 1, },
		{ 0.99933564662933, 0, -0.036445632576942, 0, 0, 1, 0, 0, 0.036445632576942, 0, 0.99933564662933, 0, -0.094248503446579, 0, 0.091399841010571, 1, },
		{ 0.99932718276978, 0, -0.036677312105894, 0, 0, 1, 0, 0, 0.036677312105894, 0, 0.99932718276978, 0, -0.085509911179543, 0, 0.088265225291252, 1, },
		{ 0.99932271242142, 0, -0.036796294152737, 0, 0, 1, 0, 0, 0.036796294152737, 0, 0.99932271242142, 0, -0.076769255101681, 0, 0.084123075008392, 1, },
		{ 0.99932187795639, 0, -0.036821343004704, 0, 0, 1, 0, 0, 0.036821343004704, 0, 0.99932187795639, 0, -0.06801513582468, 0, 0.078833386301994, 1, },
		{ 0.99932086467743, 0, -0.036846399307251, 0, 0, 1, 0, 0, 0.036846399307251, 0, 0.99932086467743, 0, -0.059236258268356, 0, 0.072255931794643, 1, },
		{ 0.99935841560364, 0, -0.035815142095089, 0, 0, 1, 0, 0, 0.035815142095089, 0, 0.99935841560364, 0, -0.050453644245863, 0, 0.064345546066761, 1, },
		{ 0.99945485591888, 0, -0.033015854656696, 0, 0, 1, 0, 0, 0.033015854656696, 0, 0.99945485591888, 0, -0.041818045079708, 0, 0.055438000708818, 1, },
		{ 0.99958252906799, 0, -0.028890108689666, 0, 0, 1, 0, 0, 0.028890108689666, 0, 0.99958252906799, 0, -0.033512532711029, 0, 0.045964505523443, 1, },
		{ 0.99971479177475, 0, -0.02387960255146, 0, 0, 1, 0, 0, 0.02387960255146, 0, 0.99971479177475, 0, -0.025720251724124, 0, 0.036355666816235, 1, },
		{ 0.99983018636703, 0, -0.018426325172186, 0, 0, 1, 0, 0, 0.018426325172186, 0, 0.99983018636703, 0, -0.01862426660955, 0, 0.027042768895626, 1, },
		{ 0.99991577863693, 0, -0.012972506694496, 0, 0, 1, 0, 0, 0.012972506694496, 0, 0.99991577863693, 0, -0.012407912872732, 0, 0.018456649035215, 1, },
		{ 0.99996829032898, 0, -0.0079605365172029, 0, 0, 1, 0, 0, 0.0079605365172029, 0, 0.99996829032898, 0, -0.0072541427798569, 0, 0.011028289794922, 1, },
		{ 0.99999260902405, 0, -0.0038328864611685, 0, 0, 1, 0, 0, 0.0038328864611685, 0, 0.99999260902405, 0, -0.0033460997510701, 0, 0.0051888274028897, 1, },
		{ 0.99999940395355, 0, -0.0010319388238713, 0, 0, 1, 0, 0, 0.0010319388238713, 0, 0.99999940395355, 0, -0.00086704251589254, 0, 0.001369018573314, 1, },
		{ 1, 0, 0, 0, 0, 1, 0, 0, 0, 0, 1, 0, 0, 0, 0, 1, },
	},
}
end
