function data()
return {
	times = { 0, 41.667, 83.333, 125, 166.667, 208.333, 250, 291.667, 333.333, 375, 416.667, 458.333, 500, 541.667, 583.333, 625, 666.667, 708.333, 750, 791.667, 833.333, 875, 916.667, 958.333, 1000, 1041.667, 1083.333, 1125, 1166.667, 1208.333, 1250, 1291.667, 1333.333, 1375, 1416.667, 1458.333, 1500, 1541.667, 1583.333, 1625, 1666.667, 1708.333, 1750, 1791.667, 1833.333, 1916.667, 2083.333, 2166.667, 2250, 2333.333, 2416.667, 2541.667, 2583.333, 2625, 2666.667, 2708.333, 2750, 2791.667, 2833.333, 2875, 2916.667, 2958.333, 3000, 3041.667, 3083.333, 3125, 3166.667, 3208.333, 3250, 3291.667, 3333.333, 3375, 3416.667, 3458.333, 3500, 3541.667, 3583.333, 3625, 3666.667, 3708.333, 3750, 3791.667, 3833.333, 3875, 3916.667, 3958.333, 4000, 4041.667, 4083.333, 4125, 4166.667, },
	transfs = {
		{ 1, 0, 0, 0, 0, 1, 0, 0, 0, 0, 1, 0, 0, 0, 0, 1, },
		{ 1, 0, -1.0645055226632e-05, 0, 0, 1, 0, 0, 1.0645055226632e-05, 0, 1, 0, 0, 0, 0, 1, },
		{ 1, 0, -8.5160419985186e-05, 0, 0, 1, 0, 0, 8.5160419985186e-05, 0, 1, 0, 0, 0, 0, 1, },
		{ 0.99999988079071, 0, -0.00028741644928232, 0, 0, 1, 0, 0, 0.00028741644928232, 0, 0.99999988079071, 0, 0, 0, 0, 1, },
		{ 0.99999970197678, 0, -0.00068128335988149, 0, 0, 1, 0, 0, 0.00068128335988149, 0, 0.99999970197678, 0, 0, 0, 0, 1, },
		{ 0.99999904632568, 0, -0.0013306315522641, 0, 0, 1, 0, 0, 0.0013306315522641, 0, 0.99999904632568, 0, 0, 0, 0, 1, },
		{ 0.99999737739563, 0, -0.0022993294987828, 0, 0, 1, 0, 0, 0.0022993294987828, 0, 0.99999737739563, 0, 0, 0, 0, 1, },
		{ 0.99999326467514, 0, -0.0036512457299978, 0, 0, 1, 0, 0, 0.0036512457299978, 0, 0.99999326467514, 0, 0, 0, 0, 1, },
		{ 0.99998515844345, 0, -0.0054502398706973, 0, 0, 1, 0, 0, 0.0054502398706973, 0, 0.99998515844345, 0, 0, 0, 0, 1, },
		{ 0.99996989965439, 0, -0.0077601647935808, 0, 0, 1, 0, 0, 0.0077601647935808, 0, 0.99996989965439, 0, 0, 0, 0, 1, },
		{ 0.99994325637817, 0, -0.010644854977727, 0, 0, 1, 0, 0, 0.010644854977727, 0, 0.99994325637817, 0, 0, 0, 0, 1, },
		{ 0.99987375736237, 0, -0.015887325629592, 0, 0, 1, 0, 0, 0.015887325629592, 0, 0.99987375736237, 0, 0, 0, 0, 1, },
		{ 0.99968910217285, 0, -0.024931455031037, 0, 0, 1, 0, 0, 0.024931455031037, 0, 0.99968910217285, 0, 0, 0, 0, 1, },
		{ 0.999302983284, 0, -0.037330895662308, 0, 0, 1, 0, 0, 0.037330895662308, 0, 0.999302983284, 0, 0, 0, 0, 1, },
		{ 0.99861371517181, 0, -0.052636675536633, 0, 0, 1, 0, 0, 0.052636675536633, 0, 0.99861371517181, 0, 0, 0, 0, 1, },
		{ 0.99751901626587, 0, -0.070396468043327, 0, 0, 1, 0, 0, 0.070396468043327, 0, 0.99751901626587, 0, 0, 0, 0, 1, },
		{ 0.9959277510643, 0, -0.09015454351902, 0, 0, 1, 0, 0, 0.09015454351902, 0, 0.9959277510643, 0, 0, 0, 0, 1, },
		{ 0.99376970529556, 0, -0.11145254969597, 0, 0, 1, 0, 0, 0.11145254969597, 0, 0.99376970529556, 0, 0, 0, 0, 1, },
		{ 0.99100422859192, 0, -0.13383075594902, 0, 0, 1, 0, 0, 0.13383075594902, 0, 0.99100422859192, 0, 0, 0, 0, 1, },
		{ 0.98762559890747, 0, -0.15683017671108, 0, 0, 1, 0, 0, 0.15683017671108, 0, 0.98762559890747, 0, 0, 0, 0, 1, },
		{ 0.98366755247116, 0, -0.17999488115311, 0, 0, 1, 0, 0, 0.17999488115311, 0, 0.98366755247116, 0, 0, 0, 0, 1, },
		{ 0.97918492555618, 0, -0.20297013223171, 0, 0, 1, 0, 0, 0.20297013223171, 0, 0.97918492555618, 0, 0, 0, 0, 1, },
		{ 0.97417682409286, 0, -0.22578637301922, 0, 0, 1, 0, 0, 0.22578637301922, 0, 0.97417682409286, 0, 0, 0, 0, 1, },
		{ 0.96861451864243, 0, -0.24856778979301, 0, 0, 1, 0, 0, 0.24856778979301, 0, 0.96861451864243, 0, 0, 0, 0, 1, },
		{ 0.96245658397675, 0, -0.27143543958664, 0, 0, 1, 0, 0, 0.27143543958664, 0, 0.96245658397675, 0, 0, 0, 0, 1, },
		{ 0.95564955472946, 0, -0.2945062816143, 0, 0, 1, 0, 0, 0.2945062816143, 0, 0.95564955472946, 0, 0, 0, 0, 1, },
		{ 0.94812679290771, 0, -0.31789234280586, 0, 0, 1, 0, 0, 0.31789234280586, 0, 0.94812679290771, 0, 0, 0, 0, 1, },
		{ 0.9398090839386, 0, -0.3416999578476, 0, 0, 1, 0, 0, 0.3416999578476, 0, 0.9398090839386, 0, 0, 0, 0, 1, },
		{ 0.93060386180878, 0, -0.36602801084518, 0, 0, 1, 0, 0, 0.36602801084518, 0, 0.93060386180878, 0, 0, 0, 0, 1, },
		{ 0.92040437459946, 0, -0.39096757769585, 0, 0, 1, 0, 0, 0.39096757769585, 0, 0.92040437459946, 0, 0, 0, 0, 1, },
		{ 0.90909022092819, 0, -0.416599214077, 0, 0, 1, 0, 0, 0.416599214077, 0, 0.90909022092819, 0, 0, 0, 0, 1, },
		{ 0.89658975601196, 0, -0.44286209344864, 0, 0, 1, 0, 0, 0.44286209344864, 0, 0.89658975601196, 0, 0, 0, 0, 1, },
		{ 0.88310503959656, 0, -0.46917530894279, 0, 0, 1, 0, 0, 0.46917530894279, 0, 0.88310503959656, 0, 0, 0, 0, 1, },
		{ 0.86897265911102, 0, -0.49486002326012, 0, 0, 1, 0, 0, 0.49486002326012, 0, 0.86897265911102, 0, 0, 0, 0, 1, },
		{ 0.85460460186005, 0, -0.51927924156189, 0, 0, 1, 0, 0, 0.51927924156189, 0, 0.85460460186005, 0, 0, 0, 0, 1, },
		{ 0.84048175811768, 0, -0.5418398976326, 0, 0, 1, 0, 0, 0.5418398976326, 0, 0.84048175811768, 0, 0, 0, 0, 1, },
		{ 0.82714188098907, 0, -0.56199312210083, 0, 0, 1, 0, 0, 0.56199312210083, 0, 0.82714188098907, 0, 0, 0, 0, 1, },
		{ 0.81516569852829, 0, -0.57922780513763, 0, 0, 1, 0, 0, 0.57922780513763, 0, 0.81516569852829, 0, 0, 0, 0, 1, },
		{ 0.80515760183334, 0, -0.59306085109711, 0, 0, 1, 0, 0, 0.59306085109711, 0, 0.80515760183334, 0, 0, 0, 0, 1, },
		{ 0.79772502183914, 0, -0.60302132368088, 0, 0, 1, 0, 0, 0.60302132368088, 0, 0.79772502183914, 0, 0, 0, 0, 1, },
		{ 0.7934542298317, 0, -0.60862994194031, 0, 0, 1, 0, 0, 0.60862994194031, 0, 0.7934542298317, 0, 0, 0, 0, 1, },
		{ 0.79121857881546, 0, -0.61153334379196, 0, 0, 1, 0, 0, 0.61153334379196, 0, 0.79121857881546, 0, 0, 0, 0, 1, },
		{ 0.78947842121124, 0, -0.61377829313278, 0, 0, 1, 0, 0, 0.61377829313278, 0, 0.78947842121124, 0, 0, 0, 0, 1, },
		{ 0.78816676139832, 0, -0.61546176671982, 0, 0, 1, 0, 0, 0.61546176671982, 0, 0.78816676139832, 0, 0, 0, 0, 1, },
		{ 0.78721445798874, 0, -0.61667931079865, 0, 0, 1, 0, 0, 0.61667931079865, 0, 0.78721445798874, 0, 0, 0, 0, 1, },
		{ 0.78610330820084, 0, -0.61809509992599, 0, 0, 1, 0, 0, 0.61809509992599, 0, 0.78610330820084, 0, 0, 0, 0, 1, },
		{ 0.78502929210663, 0, -0.61945861577988, 0, 0, 1, 0, 0, 0.61945861577988, 0, 0.78502929210663, 0, 0, 0, 0, 1, },
		{ 0.78404414653778, 0, -0.62070500850677, 0, 0, 1, 0, 0, 0.62070500850677, 0, 0.78404414653778, 0, 0, 0, 0, 1, },
		{ 0.78276079893112, 0, -0.62232273817062, 0, 0, 1, 0, 0, 0.62232273817062, 0, 0.78276079893112, 0, 0, 0, 0, 1, },
		{ 0.78147399425507, 0, -0.62393778562546, 0, 0, 1, 0, 0, 0.62393778562546, 0, 0.78147399425507, 0, 0, 0, 0, 1, },
		{ 0.78048193454742, 0, -0.62517833709717, 0, 0, 1, 0, 0, 0.62517833709717, 0, 0.78048193454742, 0, 0, 0, 0, 1, },
		{ 0.78090953826904, 0, -0.62464416027069, 0, 0, 1, 0, 0, 0.62464416027069, 0, 0.78090953826904, 0, 0, 0, 0, 1, },
		{ 0.78332674503326, 0, -0.62161010503769, 0, 0, 1, 0, 0, 0.62161010503769, 0, 0.78332674503326, 0, 0, 0, 0, 1, },
		{ 0.78723961114883, 0, -0.61664718389511, 0, 0, 1, 0, 0, 0.61664718389511, 0, 0.78723961114883, 0, 0, 0, 0, 1, },
		{ 0.79253882169724, 0, -0.60982149839401, 0, 0, 1, 0, 0, 0.60982149839401, 0, 0.79253882169724, 0, 0, 0, 0, 1, },
		{ 0.79910469055176, 0, -0.60119187831879, 0, 0, 1, 0, 0, 0.60119187831879, 0, 0.79910469055176, 0, 0, 0, 0, 1, },
		{ 0.80680900812149, 0, -0.59081226587296, 0, 0, 1, 0, 0, 0.59081226587296, 0, 0.80680900812149, 0, 0, 0, 0, 1, },
		{ 0.81551688909531, 0, -0.57873326539993, 0, 0, 1, 0, 0, 0.57873326539993, 0, 0.81551688909531, 0, 0, 0, 0, 1, },
		{ 0.82508760690689, 0, -0.56500482559204, 0, 0, 1, 0, 0, 0.56500482559204, 0, 0.82508760690689, 0, 0, 0, 0, 1, },
		{ 0.83537697792053, 0, -0.54967731237411, 0, 0, 1, 0, 0, 0.54967731237411, 0, 0.83537697792053, 0, 0, 0, 0, 1, },
		{ 0.8462387919426, 0, -0.53280365467072, 0, 0, 1, 0, 0, 0.53280365467072, 0, 0.8462387919426, 0, 0, 0, 0, 1, },
		{ 0.85752213001251, 0, -0.5144470334053, 0, 0, 1, 0, 0, 0.5144470334053, 0, 0.85752213001251, 0, 0, 0, 0, 1, },
		{ 0.86906272172928, 0, -0.49470174312592, 0, 0, 1, 0, 0, 0.49470174312592, 0, 0.86906272172928, 0, 0, 0, 0, 1, },
		{ 0.88069903850555, 0, -0.4736762046814, 0, 0, 1, 0, 0, 0.4736762046814, 0, 0.88069903850555, 0, 0, 0, 0, 1, },
		{ 0.89227694272995, 0, -0.45148855447769, 0, 0, 1, 0, 0, 0.45148855447769, 0, 0.89227694272995, 0, 0, 0, 0, 1, },
		{ 0.90365278720856, 0, -0.42826583981514, 0, 0, 1, 0, 0, 0.42826583981514, 0, 0.90365278720856, 0, 0, 0, 0, 1, },
		{ 0.91469490528107, 0, -0.40414509177208, 0, 0, 1, 0, 0, 0.40414509177208, 0, 0.91469490528107, 0, 0, 0, 0, 1, },
		{ 0.9252849817276, 0, -0.37927249073982, 0, 0, 1, 0, 0, 0.37927249073982, 0, 0.9252849817276, 0, 0, 0, 0, 1, },
		{ 0.93531978130341, 0, -0.35380336642265, 0, 0, 1, 0, 0, 0.35380336642265, 0, 0.93531978130341, 0, 0, 0, 0, 1, },
		{ 0.94471204280853, 0, -0.32790121436119, 0, 0, 1, 0, 0, 0.32790121436119, 0, 0.94471204280853, 0, 0, 0, 0, 1, },
		{ 0.95339131355286, 0, -0.30173668265343, 0, 0, 1, 0, 0, 0.30173668265343, 0, 0.95339131355286, 0, 0, 0, 0, 1, },
		{ 0.96130323410034, 0, -0.27549231052399, 0, 0, 1, 0, 0, 0.27549231052399, 0, 0.96130323410034, 0, 0, 0, 0, 1, },
		{ 0.96840626001358, 0, -0.24937784671783, 0, 0, 1, 0, 0, 0.24937784671783, 0, 0.96840626001358, 0, 0, 0, 0, 1, },
		{ 0.97467797994614, 0, -0.22361315786839, 0, 0, 1, 0, 0, 0.22361315786839, 0, 0.97467797994614, 0, 0, 0, 0, 1, },
		{ 0.98011690378189, 0, -0.19842095673084, 0, 0, 1, 0, 0, 0.19842095673084, 0, 0.98011690378189, 0, 0, 0, 0, 1, },
		{ 0.98474109172821, 0, -0.17402558028698, 0, 0, 1, 0, 0, 0.17402558028698, 0, 0.98474109172821, 0, 0, 0, 0, 1, },
		{ 0.9885870218277, 0, -0.15065106749535, 0, 0, 1, 0, 0, 0.15065106749535, 0, 0.9885870218277, 0, 0, 0, 0, 1, },
		{ 0.99170684814453, 0, -0.12852041423321, 0, 0, 1, 0, 0, 0.12852041423321, 0, 0.99170684814453, 0, 0, 0, 0, 1, },
		{ 0.99416661262512, 0, -0.10785450041294, 0, 0, 1, 0, 0, 0.10785450041294, 0, 0.99416661262512, 0, 0, 0, 0, 1, },
		{ 0.99604314565659, 0, -0.088871121406555, 0, 0, 1, 0, 0, 0.088871121406555, 0, 0.99604314565659, 0, 0, 0, 0, 1, },
		{ 0.99742013216019, 0, -0.071784920990467, 0, 0, 1, 0, 0, 0.071784920990467, 0, 0.99742013216019, 0, 0, 0, 0, 1, },
		{ 0.99838805198669, 0, -0.056756556034088, 0, 0, 1, 0, 0, 0.056756556034088, 0, 0.99838805198669, 0, 0, 0, 0, 1, },
		{ 0.9990428686142, 0, -0.04374173283577, 0, 0, 1, 0, 0, 0.04374173283577, 0, 0.9990428686142, 0, 0, 0, 0, 1, },
		{ 0.99946707487106, 0, -0.032642439007759, 0, 0, 1, 0, 0, 0.032642439007759, 0, 0.99946707487106, 0, 0, 0, 0, 1, },
		{ 0.99972718954086, 0, -0.023358205333352, 0, 0, 1, 0, 0, 0.023358205333352, 0, 0.99972718954086, 0, 0, 0, 0, 1, },
		{ 0.99987536668777, 0, -0.015786990523338, 0, 0, 1, 0, 0, 0.015786990523338, 0, 0.99987536668777, 0, 0, 0, 0, 1, },
		{ 0.99995172023773, 0, -0.0098256561905146, 0, 0, 1, 0, 0, 0.0098256561905146, 0, 0.99995172023773, 0, 0, 0, 0, 1, },
		{ 0.99998551607132, 0, -0.0053704674355686, 0, 0, 1, 0, 0, 0.0053704674355686, 0, 0.99998551607132, 0, 0, 0, 0, 1, },
		{ 0.99999725818634, 0, -0.0023173028603196, 0, 0, 1, 0, 0, 0.0023173028603196, 0, 0.99999725818634, 0, 0, 0, 0, 1, },
		{ 0.99999976158142, 0, -0.00056194339413196, 0, 0, 1, 0, 0, 0.00056194339413196, 0, 0.99999976158142, 0, 0, 0, 0, 1, },
		{ 1, 0, 0, 0, 0, 1, 0, 0, 0, 0, 1, 0, 0, 0, 0, 1, },
	},
}
end
