function data()
return {
	times = { 0, 41.667, 83.333, 125, 166.667, 208.333, 250, 291.667, 333.333, 375, 416.667, 458.333, 500, 541.667, 583.333, 625, 666.667, 708.333, 750, 791.667, 833.333, 875, 916.667, 958.333, 1000, 1041.667, 1083.333, 1125, 1166.667, 1208.333, 1250, 1291.667, 1333.333, 1375, 1416.667, 1458.333, 1500, 1541.667, 1583.333, 1625, 1666.667, 1708.333, 1750, 1791.667, 1833.333, 1875, 1916.667, 1958.333, 2000, 2041.667, 2083.333, 2125, 2166.667, 2208.333, 2250, 2291.667, 2333.333, 2375, 2416.667, 2458.333, 2500, 2541.667, 2583.333, 2625, 2666.667, 2708.333, 2750, 2791.667, 2833.333, 2875, 2916.667, 2958.333, 3000, 3041.667, 3083.333, 3125, 3166.667, 3208.333, 3250, 3291.667, 3333.333, 3375, 3416.667, 3458.333, 3500, 3541.667, 3583.333, 3625, 3666.667, 3708.333, 3750, 3791.667, 3833.333, 3875, 3916.667, 3958.333, 4000, 4041.667, 4083.333, 4125, 4166.667, },
	transfs = {
		{ 0.99999988079071, -3.5527136788005e-15, -2.7438539124406e-16, 0, 0, 1, -4.4408920985006e-16, 0, -2.7438539124406e-16, -8.8817841970013e-16, 0.99999988079071, 0, 0, 9.0949468144414e-15, -1.5258788721439e-07, 1, },
		{ 0.99999552965164, 1.931255155796e-11, -0.0029546916484833, 0, -1.9678481066876e-11, 1, -1.2284706585319e-10, 0, 0.0029546916484833, 1.2290346518284e-10, 0.99999552965164, 0, 0, 9.0949468144414e-15, -1.5258788721439e-07, 1, },
		{ 0.99993532896042, 7.2272854367839e-11, -0.01136103272438, 0, -7.7644550511291e-11, 1, -4.7204151698566e-10, 0, 0.01136103272438, 4.7289144822216e-10, 0.99993532896042, 0, 0, 9.0949468144414e-15, -1.5258788721439e-07, 1, },
		{ 0.99969887733459, 1.4933830561059e-10, -0.024531275033951, 0, -1.7437074006921e-10, 1, -1.0181877563298e-09, 0, 0.024531275033951, 1.0221574697766e-09, 0.99969887733459, 0, 0, 9.0949468144414e-15, -1.5258788721439e-07, 1, },
		{ 0.99912703037262, 2.3932145154504e-10, -0.041773825883865, 0, -3.1191760285765e-10, 1, -1.7314730760276e-09, 0, 0.041773825883865, 1.7429900855959e-09, 0.99912703037262, 0, 0, 9.0949468144414e-15, -1.5258788721439e-07, 1, },
		{ 0.99805164337158, 3.3063329851757e-10, -0.062391459941864, 0, -4.9267612212134e-10, 1, -2.581795444101e-09, 0, 0.062391459941864, 2.6075039905038e-09, 0.99805164337158, 0, 0, 9.0949468144414e-15, -1.5258788721439e-07, 1, },
		{ 0.99632257223129, 4.1238479298045e-10, -0.085680693387985, 0, -7.1824146630206e-10, 1, -3.5389073893555e-09, 0, 0.085680693387985, 3.5874307968697e-09, 0.99632257223129, 0, 0, 9.0949468144414e-15, -1.5258788721439e-07, 1, },
		{ 0.99382781982422, 4.7525006152682e-10, -0.11093262583017, 0, -9.8860297725878e-10, 1, -4.5725889741277e-09, 0, 0.11093262583017, 4.6540340470358e-09, 0.99382781982422, 0, 0, 9.0949468144414e-15, -1.5258788721439e-07, 1, },
		{ 0.99051052331924, 5.1216630936324e-10, -0.13743633031845, 0, -1.3014265221045e-09, 1, -5.6529008141126e-09, 0, 0.13743633031845, 5.7781215367925e-09, 0.99051052331924, 0, 0, 9.0949468144414e-15, -1.5258788721439e-07, 1, },
		{ 0.98637986183167, 5.1883120022467e-10, -0.16448278725147, 0, -1.6516565892744e-09, 1, -6.7504175582656e-09, 0, 0.16448278725147, 6.9301453464732e-09, 0.98637986183167, 0, 0, 9.0949468144414e-15, -1.5258788721439e-07, 1, },
		{ 0.98151779174805, 4.9403681146032e-10, -0.19137041270733, 0, -2.0312533877132e-09, 1, -7.8365047784246e-09, 0, 0.19137041270733, 8.08038969069e-09, 0.98151779174805, 0, 0, 9.0949468144414e-15, -1.5258788721439e-07, 1, },
		{ 0.97604560852051, 4.3930370452472e-10, -0.21756531298161, 0, -2.4316584301687e-09, 1, -8.8897582628533e-09, 0, 0.21756531298161, 9.2058538569972e-09, 0.97604560852051, 0, 0, 9.0949468144414e-15, -1.5258788721439e-07, 1, },
		{ 0.96998500823975, 3.5616307125785e-10, -0.24316401779652, 0, -2.852594604974e-09, 1, -9.91433246611e-09, 0, 0.24316401779652, 1.0310403197877e-08, 0.96998500823975, 0, 0, 9.0949468144414e-15, -1.5258788721439e-07, 1, },
		{ 0.96330314874649, 2.448921065934e-10, -0.26841551065445, 0, -3.2970781660424e-09, 1, -1.0920370385747e-08, 0, 0.26841551065445, 1.1404614141952e-08, 0.96330314874649, 0, 0, 9.0949468144414e-15, -1.5258788721439e-07, 1, },
		{ 0.95593965053558, 1.0459189070389e-10, -0.29356271028519, 0, -3.7692160503866e-09, 1, -1.1917572706466e-08, 0, 0.29356271028519, 1.2498982293607e-08, 0.95593965053558, 0, 0, 9.0949468144414e-15, -1.5258788721439e-07, 1, },
		{ 0.9478080868721, -6.6787464447771e-11, -0.31884092092514, 0, -4.2741667982682e-09, 1, -1.2915156055726e-08, 0, 0.31884092092514, 1.3603870918644e-08, 0.9478080868721, 0, 0, 9.0949468144414e-15, -1.5258788721439e-07, 1, },
		{ 0.93879520893097, -2.7247182288193e-10, -0.3444756269455, 0, -4.8181227896293e-09, 1, -1.3921748198698e-08, 0, 0.3444756269455, 1.4729399921976e-08, 0.93879520893097, 0, 0, 9.0949468144414e-15, -1.5258788721439e-07, 1, },
		{ 0.92876029014587, -5.1689141855604e-10, -0.37068042159081, 0, -5.4083315603748e-09, 1, -1.4945310766734e-08, 0, 0.37068042159081, 1.5885376569713e-08, 0.92876029014587, 0, 0, 9.0949468144414e-15, -1.5258788721439e-07, 1, },
		{ 0.91753530502319, -8.057305933562e-10, -0.39765405654907, 0, -6.0531135659403e-09, 1, -1.5992991819758e-08, 0, 0.39765405654907, 1.7081180914147e-08, 0.91753530502319, 0, 0, 9.0949468144414e-15, -1.5258788721439e-07, 1, },
		{ 0.90492188930511, -1.1460449256262e-09, -0.42557743191719, 0, -6.7619012611431e-09, 1, -1.7071005942171e-08, 0, 0.42557743191719, 1.8325641448769e-08, 0.90492188930511, 0, 0, 9.0949468144414e-15, -1.5258788721439e-07, 1, },
		{ 0.89069080352783, -1.5463149649619e-09, -0.45460933446884, 0, -7.5452737391402e-09, 1, -1.8184447725389e-08, 0, 0.45460933446884, 1.9626874347978e-08, 0.89069080352783, 0, 0, 9.0949468144414e-15, -1.5258788721439e-07, 1, },
		{ 0.87463867664337, -2.0148398505171e-09, -0.48477518558502, 0, -8.4118632059926e-09, 1, -1.9333032952318e-08, 0, 0.48477518558502, 2.0987283022578e-08, 0.87463867664337, 0, 0, 9.0949468144414e-15, -1.5258788721439e-07, 1, },
		{ 0.85679388046265, -2.5531718961247e-09, -0.51565873622894, 0, -9.3577341431228e-09, 1, -2.0499635766669e-08, 0, 0.51565873622894, 2.2389363252273e-08, 0.85679388046265, 0, 0, 9.0949468144414e-15, -1.5258788721439e-07, 1, },
		{ 0.83729392290115, -3.158955763638e-09, -0.54675281047821, 0, -1.0373820913401e-08, 1, -2.1664074978389e-08, 0, 0.54675281047821, 2.3811116633965e-08, 0.83729392290115, 0, 0, 9.0949468144414e-15, -1.5258788721439e-07, 1, },
		{ 0.81633597612381, -3.8271465996331e-09, -0.57757711410522, 0, -1.1448769043909e-08, 1, -2.280767397167e-08, 0, 0.57757711410522, 2.5231274847215e-08, 0.81633597612381, 0, 0, 9.0949468144414e-15, -1.5258788721439e-07, 1, },
		{ 0.79417794942856, -4.5499746192945e-09, -0.60768508911133, 0, -1.2568899698806e-08, 1, -2.3913568014677e-08, 0, 0.60768508911133, 2.6629562555058e-08, 0.79417794942856, 0, 0, 9.0949468144414e-15, -1.5258788721439e-07, 1, },
		{ 0.77113580703735, -5.3169770808381e-09, -0.63667047023773, 0, -1.3718384650474e-08, 1, -2.4966940515014e-08, 0, 0.63667047023773, 2.7986995831952e-08, 0.77113580703735, 0, 0, 9.0949468144414e-15, -1.5258788721439e-07, 1, },
		{ 0.74757963418961, -6.1151439467722e-09, -0.66417199373245, 0, -1.4879461218698e-08, 1, -2.5955213089901e-08, 0, 0.66417199373245, 2.9286114866522e-08, 0.74757963418961, 0, 0, 9.0949468144414e-15, -1.5258788721439e-07, 1, },
		{ 0.72392749786377, -6.9291661297655e-09, -0.68987596035004, 0, -1.6032668526123e-08, 1, -2.6868097080524e-08, 0, 0.68987596035004, 3.0511102977471e-08, 0.72392749786377, 0, 0, 9.0949468144414e-15, -1.5258788721439e-07, 1, },
		{ 0.70063710212708, -7.7417467991836e-09, -0.71351766586304, 0, -1.7157221421371e-08, 1, -2.7697607762889e-08, 0, 0.71351766586304, 3.1647957143832e-08, 0.70063710212708, 0, 0, 9.0949468144414e-15, -1.5258788721439e-07, 1, },
		{ 0.67819851636887, -8.5339557642783e-09, -0.73487854003906, 0, -1.8231302689742e-08, 1, -2.8437888488497e-08, 0, 0.73487854003906, 3.268433346193e-08, 0.67819851636887, 0, 0, 9.0949468144414e-15, -1.5258788721439e-07, 1, },
		{ 0.65707314014435, -9.2874685719835e-09, -0.75382661819458, 0, -1.9234851933447e-08, 1, -2.9086489661267e-08, 0, 0.75382661819458, 3.3611701866221e-08, 0.65707314014435, 0, 0, 9.0949468144414e-15, -1.5258788721439e-07, 1, },
		{ 0.6375247836113, -9.9908703532492e-09, -0.7704296708107, 0, -2.0157347790928e-08, 1, -2.9647972965563e-08, 0, 0.7704296708107, 3.4431142381663e-08, 0.6375247836113, 0, 0, 9.0949468144414e-15, -1.5258788721439e-07, 1, },
		{ 0.61974954605103, -1.0635274882986e-08, -0.78479957580566, 0, -2.0991370419665e-08, 1, -3.0128287420439e-08, 0, 0.78479957580566, 3.5146019428112e-08, 0.61974954605103, 0, 0, 9.0949468144414e-15, -1.5258788721439e-07, 1, },
		{ 0.60392564535141, -1.1212565986796e-08, -0.7970404624939, 0, -2.1730194532665e-08, 1, -3.0532945061168e-08, 0, 0.7970404624939, 3.5759477157171e-08, 0.60392564535141, 0, 0, 9.0949468144414e-15, -1.5258788721439e-07, 1, },
		{ 0.59021329879761, -1.1715478365204e-08, -0.80724710226059, 0, -2.2367792951172e-08, 1, -3.0866932121398e-08, 0, 0.80724710226059, 3.6274418135918e-08, 0.59021329879761, 0, 0, 9.0949468144414e-15, -1.5258788721439e-07, 1, },
		{ 0.57875472307205, -1.2137542526602e-08, -0.81550151109695, 0, -2.2898777984892e-08, 1, -3.1134600675387e-08, 0, 0.81550151109695, 3.6693290184076e-08, 0.57875472307205, 0, 0, 9.0949468144414e-15, -1.5258788721439e-07, 1, },
		{ 0.56967616081238, -1.2473071464569e-08, -0.82186907529831, 0, -2.3318333930433e-08, 1, -3.1339506989525e-08, 0, 0.82186907529831, 3.7017994003463e-08, 0.56967616081238, 0, 0, 9.0949468144414e-15, -1.5258788721439e-07, 1, },
		{ 0.56308662891388, -1.2717232600323e-08, -0.82639771699905, 0, -2.3622256151157e-08, 1, -3.1484358231637e-08, 0, 0.82639771699905, 3.7249805018291e-08, 0.56308662891388, 0, 0, 9.0949468144414e-15, -1.5258788721439e-07, 1, },
		{ 0.55907881259918, -1.2865974952092e-08, -0.82911437749863, 0, -2.3806851601194e-08, 1, -3.1570891678712e-08, 0, 0.82911437749863, 3.7389220608475e-08, 0.55907881259918, 0, 0, 9.0949468144414e-15, -1.5258788721439e-07, 1, },
		{ 0.55772888660431, -1.2916125058382e-08, -0.83002310991287, 0, -2.3868986787079e-08, 1, -3.159977524092e-08, 0, 0.83002310991287, 3.7435921029783e-08, 0.55772888660431, 0, 0, 9.0949468144414e-15, -1.5258788721439e-07, 1, },
		{ 0.5592674612999, -1.2858972553431e-08, -0.82898724079132, 0, -2.3798168768963e-08, 1, -3.1566848690545e-08, 0, 0.82898724079132, 3.7382687168019e-08, 0.5592674612999, 0, 0, 9.0949468144414e-15, -1.5258788721439e-07, 1, },
		{ 0.56377440690994, -1.2691721451574e-08, -0.82592868804932, 0, -2.3590557063358e-08, 1, -3.1469390648908e-08, 0, 0.82592868804932, 3.7225760252113e-08, 0.56377440690994, 0, 0, 9.0949468144414e-15, -1.5258788721439e-07, 1, },
		{ 0.57107192277908, -1.2421423889464e-08, -0.82089984416962, 0, -2.3253896586084e-08, 1, -3.1308410086694e-08, 0, 0.82089984416962, 3.6968483385635e-08, 0.57107192277908, 0, 0, 9.0949468144414e-15, -1.5258788721439e-07, 1, },
		{ 0.58096379041672, -1.2056045051168e-08, -0.81392925977707, 0, -2.279653443793e-08, 1, -3.1083789764352e-08, 0, 0.81392925977707, 3.6613329257307e-08, 0.58096379041672, 0, 0, 9.0949468144414e-15, -1.5258788721439e-07, 1, },
		{ 0.5932389497757, -1.1604306848767e-08, -0.8050262928009, 0, -2.2227311546885e-08, 1, -3.0794534922052e-08, 0, 0.8050262928009, 3.6162095540249e-08, 0.5932389497757, 0, 0, 9.0949468144414e-15, -1.5258788721439e-07, 1, },
		{ 0.60767239332199, -1.1075576900055e-08, -0.79418766498566, 0, -2.1555560891784e-08, 1, -3.0439021969642e-08, 0, 0.79418766498566, 3.5616121607518e-08, 0.60767239332199, 0, 0, 9.0949468144414e-15, -1.5258788721439e-07, 1, },
		{ 0.62402760982513, -1.0479780598871e-08, -0.78140217065811, 0, -2.0791048882529e-08, 1, -3.0015229413038e-08, 0, 0.78140217065811, 3.4976505247641e-08, 0.62402760982513, 0, 0, 9.0949468144414e-15, -1.5258788721439e-07, 1, },
		{ 0.64205801486969, -9.8272536774857e-09, -0.76665592193604, 0, -1.9943929174815e-08, 1, -2.9520949240691e-08, 0, 0.76665592193604, 3.4244294511154e-08, 0.64205801486969, 0, 0, 9.0949468144414e-15, -1.5258788721439e-07, 1, },
		{ 0.6615092754364, -9.1286516124001e-09, -0.74993681907654, 0, -1.9024708919346e-08, 1, -2.895399475733e-08, 0, 0.74993681907654, 3.3420668898998e-08, 0.6615092754364, 0, 0, 9.0949468144414e-15, -1.5258788721439e-07, 1, },
		{ 0.68212139606476, -8.3948314966165e-09, -0.7312388420105, 0, -1.8044147509499e-08, 1, -2.8312404865005e-08, 0, 0.7312388420105, 3.2507081471067e-08, 0.68212139606476, 0, 0, 9.0949468144414e-15, -1.5258788721439e-07, 1, },
		{ 0.7036110162735, -7.6374213620056e-09, -0.71058517694473, 0, -1.7014194497733e-08, 1, -2.7595275398085e-08, 0, 0.71058517694473, 3.1506381503732e-08, 0.7036110162735, 0, 0, 9.0949468144414e-15, -1.5258788721439e-07, 1, },
		{ 0.72562205791473, -6.8704575362233e-09, -0.68809330463409, 0, -1.5950435638956e-08, 1, -2.6805141217778e-08, 0, 0.68809330463409, 3.0425795216615e-08, 0.72562205791473, 0, 0, 9.0949468144414e-15, -1.5258788721439e-07, 1, },
		{ 0.74779462814331, -6.1077969348844e-09, -0.66392993927002, 0, -1.4868918540856e-08, 1, -2.5946562232093e-08, 0, 0.66392993927002, 2.9274627166842e-08, 0.74779462814331, 0, 0, 9.0949468144414e-15, -1.5258788721439e-07, 1, },
		{ 0.76979231834412, -5.3621320716957e-09, -0.6382942199707, 0, -1.3784968722064e-08, 1, -2.5025601146922e-08, 0, 0.6382942199707, 2.8063388057831e-08, 0.76979231834412, 0, 0, 9.0949468144414e-15, -1.5258788721439e-07, 1, },
		{ 0.79130679368973, -4.6447392598736e-09, -0.61141902208328, 0, -1.2712932040415e-08, 1, -2.4049906954815e-08, 0, 0.61141902208328, 2.6803787633867e-08, 0.79130679368973, 0, 0, 9.0949468144414e-15, -1.5258788721439e-07, 1, },
		{ 0.81206232309341, -3.9653293981701e-09, -0.58357048034668, 0, -1.1666041466185e-08, 1, -2.3028722040408e-08, 0, 0.58357048034668, 2.5508716916534e-08, 0.81206232309341, 0, 0, 9.0949468144414e-15, -1.5258788721439e-07, 1, },
		{ 0.83181995153427, -3.3318876546673e-09, -0.55504536628723, 0, -1.0656183491164e-08, 1, -2.1972816455218e-08, 0, 0.55504536628723, 2.4192095438025e-08, 0.83181995153427, 0, 0, 9.0949468144414e-15, -1.5258788721439e-07, 1, },
		{ 0.8503800034523, -2.7505604460742e-09, -0.52616882324219, 0, -9.6938093108179e-09, 1, -2.0894397323445e-08, 0, 0.52616882324219, 2.2868757554306e-08, 0.8503800034523, 0, 0, 9.0949468144414e-15, -1.5258788721439e-07, 1, },
		{ 0.86758422851563, -2.2256330112214e-09, -0.49729007482529, 0, -8.7878007093423e-09, 1, -1.9806940088074e-08, 0, 0.49729007482529, 2.1554276585789e-08, 0.86758422851563, 0, 0, 9.0949468144414e-15, -1.5258788721439e-07, 1, },
		{ 0.88331568241119, -1.7595381818225e-09, -0.46877843141556, 0, -7.9454700596671e-09, 1, -1.8725030415112e-08, 0, 0.46877843141556, 2.0264780076218e-08, 0.88331568241119, 0, 0, 9.0949468144414e-15, -1.5258788721439e-07, 1, },
		{ 0.89752942323685, -1.3520135011547e-09, -0.44095432758331, 0, -7.170782634347e-09, 1, -1.766170143469e-08, 0, 0.44095432758331, 1.9013885577124e-08, 0.89752942323685, 0, 0, 9.0949468144414e-15, -1.5258788721439e-07, 1, },
		{ 0.91032916307449, -9.9832320188398e-10, -0.41388481855392, 0, -6.459884627219e-09, 1, -1.6620427700786e-08, 0, 0.41388481855392, 1.7803708729502e-08, 0.91032916307449, 0, 0, 9.0949468144414e-15, -1.5258788721439e-07, 1, },
		{ 0.92184364795685, -6.9314859407754e-10, -0.38756185770035, 0, -5.8073617026366e-09, 1, -1.56017154751e-08, 0, 0.38756185770035, 1.6633054045201e-08, 0.92184364795685, 0, 0, 9.0949468144414e-15, -1.5258788721439e-07, 1, },
		{ 0.93219131231308, -4.3170800267944e-10, -0.36196565628052, 0, -5.2081539081428e-09, 1, -1.4605529230494e-08, 0, 0.36196565628052, 1.5500321026707e-08, 0.93219131231308, 0, 0, 9.0949468144414e-15, -1.5258788721439e-07, 1, },
		{ 0.94148069620132, -2.0967405589545e-10, -0.33706641197205, 0, -4.6575507894886e-09, 1, -1.36313449417e-08, 0, 0.33706641197205, 1.4403553016962e-08, 0.94148069620132, 0, 0, 9.0949468144414e-15, -1.5258788721439e-07, 1, },
		{ 0.94981044530869, -2.3209878463604e-11, -0.31282553076744, 0, -4.1512073778449e-09, 1, -1.2678208705097e-08, 0, 0.31282553076744, 1.3340498483672e-08, 0.94981044530869, 0, 0, 9.0949468144414e-15, -1.5258788721439e-07, 1, },
		{ 0.95726948976517, 1.3108802932038e-10, -0.28919696807861, 0, -3.6851091067547e-09, 1, -1.1744788253054e-08, 0, 0.28919696807861, 1.2308650987336e-08, 0.95726948976517, 0, 0, 9.0949468144414e-15, -1.5258788721439e-07, 1, },
		{ 0.96393758058548, 2.561861833783e-10, -0.26612803339958, 0, -3.2556037865561e-09, 1, -1.0829426244641e-08, 0, 0.26612803339958, 1.1305298031061e-08, 0.96393758058548, 0, 0, 9.0949468144414e-15, -1.5258788721439e-07, 1, },
		{ 0.96988558769226, 3.546425375589e-10, -0.24356073141098, 0, -2.8593480916328e-09, 1, -9.9301722400469e-09, 0, 0.24356073141098, 1.0327557475875e-08, 0.96988558769226, 0, 0, 9.0949468144414e-15, -1.5258788721439e-07, 1, },
		{ 0.97517567873001, 4.2863490534728e-10, -0.22143204510212, 0, -2.4933439757291e-09, 1, -9.0448217804351e-09, 0, 0.22143204510212, 9.3723961924752e-09, 0.97517567873001, 0, 0, 9.0949468144414e-15, -1.5258788721439e-07, 1, },
		{ 0.97985696792603, 4.799289854418e-10, -0.19970002770424, 0, -2.1552821749538e-09, 1, -8.1719466749064e-09, 0, 0.19970002770424, 8.4377482778564e-09, 0.97985696792603, 0, 0, 9.0949468144414e-15, -1.5258788721439e-07, 1, },
		{ 0.98395431041718, 5.0991738609341e-10, -0.17841961979866, 0, -1.8444801241913e-09, 1, -7.3139991840776e-09, 0, 0.17841961979866, 7.5257329257283e-09, 0.98395431041718, 0, 0, 9.0949468144414e-15, -1.5258788721439e-07, 1, },
		{ 0.98749172687531, 5.2012083529007e-10, -0.15766967833042, 0, -1.5604619818532e-09, 1, -6.474420999325e-09, 0, 0.15766967833042, 6.6394743036824e-09, 0.98749172687531, 0, 0, 9.0949468144414e-15, -1.5258788721439e-07, 1, },
		{ 0.99049776792526, 5.1223736363681e-10, -0.13752809166908, 0, -1.3025633904817e-09, 1, -5.6566329398322e-09, 0, 0.13752809166908, 5.7820215282334e-09, 0.99049776792526, 0, 0, 9.0949468144414e-15, -1.5258788721439e-07, 1, },
		{ 0.99300497770309, 4.8813220132615e-10, -0.11807202547789, 0, -1.0699316987939e-09, 1, -4.8640638183883e-09, 0, 0.11807202547789, 4.9563677606557e-09, 0.99300497770309, 0, 0, 9.0949468144414e-15, -1.5258788721439e-07, 1, },
		{ 0.99504971504211, 4.4982328972765e-10, -0.099376983940601, 0, -8.6154017253648e-10, 1, -4.1000913775235e-09, 0, 0.099376983940601, 4.165411571222e-09, 0.99504971504211, 0, 0, 9.0949468144414e-15, -1.5258788721439e-07, 1, },
		{ 0.99667179584503, 3.9943867657932e-10, -0.081517070531845, 0, -6.7624839061864e-10, 1, -3.3680600530772e-09, 0, 0.081517070531845, 3.4119755909501e-09, 0.99667179584503, 0, 0, 9.0949468144414e-15, -1.5258788721439e-07, 1, },
		{ 0.99791342020035, 3.3922373243733e-10, -0.064565137028694, 0, -5.1276316526128e-10, 1, -2.6712787537519e-09, 0, 0.064565137028694, 2.6988105084058e-09, 0.99791342020035, 0, 0, 9.0949468144414e-15, -1.5258788721439e-07, 1, },
		{ 0.99881857633591, 2.7148416847922e-10, -0.048592239618301, 0, -3.6973446526645e-10, 1, -2.0129919953149e-09, 0, 0.048592239618301, 2.0285795265806e-09, 0.99881857633591, 0, 0, 9.0949468144414e-15, -1.5258788721439e-07, 1, },
		{ 0.99943298101425, 1.9855761479448e-10, -0.033667888492346, 0, -2.4571633616688e-10, 1, -1.3963936673633e-09, 0, 0.033667888492346, 1.4038734619248e-09, 0.99943298101425, 0, 0, 9.0949468144414e-15, -1.5258788721439e-07, 1, },
		{ 0.99980264902115, 1.2283152273085e-10, -0.019860416650772, 0, -1.3923795449955e-10, 1, -8.246257010569e-10, 0, 0.019860416650772, 8.2722845240468e-10, 0.99980264902115, 0, 0, 9.0949468144414e-15, -1.5258788721439e-07, 1, },
		{ 0.99997371435165, 4.6657788743687e-11, -0.0072364802472293, 0, -4.8832049515113e-11, 1, -3.0076785506594e-10, 0, 0.0072364802472293, 3.01112912382e-10, 0.99997371435165, 0, 0, 9.0949468144414e-15, -1.5258788721439e-07, 1, },
		{ 0.99999129772186, -2.7661428703141e-11, 0.0041385889053345, 0, 2.6950885967381e-11, 1, 1.7216672532072e-10, 0, -0.0041385889053345, -1.7205435687284e-10, 0.99999129772186, 0, 0, 9.0949468144414e-15, -1.5258788721439e-07, 1, },
		{ 0.99989902973175, -9.7884360339417e-11, 0.014200478792191, 0, 8.9499962996342e-11, 1, 5.9121596507339e-10, 0, -0.014200478792191, -5.8988547380068e-10, 0.99989902973175, 0, 0, 9.0949468144414e-15, -1.5258788721439e-07, 1, },
		{ 0.99973797798157, -1.6189005691558e-10, 0.022885411977768, 0, 1.4010481663718e-10, 1, 9.534555367452e-10, 0, -0.022885411977768, -9.5000052269256e-10, 0.99973797798157, 0, 0, 9.0949468144414e-15, -1.5258788721439e-07, 1, },
		{ 0.99954587221146, -2.1768542524114e-10, 0.030130922794342, 0, 1.7992007883549e-10, 1, 1.2560374962334e-09, 0, -0.030130922794342, -1.2500476209709e-09, 0.99954587221146, 0, 0, 9.0949468144414e-15, -1.5258788721439e-07, 1, },
		{ 0.99935615062714, -2.6346569370617e-10, 0.035874512046576, 0, 2.0992629856664e-10, 1, 1.4961476502151e-09, 0, -0.035874512046576, -1.4876531118091e-09, 0.99935615062714, 0, 0, 9.0949468144414e-15, -1.5258788721439e-07, 1, },
		{ 0.99919736385345, -2.9764990472358e-10, 0.040053993463516, 0, 2.3090152012628e-10, 1, 1.6710041128576e-09, 0, -0.040053993463516, -1.6604153607602e-09, 0.99919736385345, 0, 0, 9.0949468144414e-15, -1.5258788721439e-07, 1, },
		{ 0.99909174442291, -3.188844466262e-10, 0.042607367038727, 0, 2.4335378157048e-10, 1, 1.7778867267282e-09, 0, -0.042607367038727, -1.7659050888241e-09, 0.99909174442291, 0, 0, 9.0949468144414e-15, -1.5258788721439e-07, 1, },
		{ 0.99905449151993, -3.2614266842756e-10, 0.043472349643707, 0, 2.4751400928835e-10, 1, 1.8141056434828e-09, 0, -0.043472349643707, -1.8016312886004e-09, 0.99905449151993, 0, 0, 9.0949468144414e-15, -1.5258788721439e-07, 1, },
		{ 0.99910664558411, -3.1594638016941e-10, 0.042255878448486, 0, 2.4165558443201e-10, 1, 1.7631731630274e-09, 0, -0.042255878448486, -1.751387035398e-09, 0.99910664558411, 0, 0, 9.0949468144414e-15, -1.5258788721439e-07, 1, },
		{ 0.99924093484879, -2.8857982670161e-10, 0.038953632116318, 0, 2.2544809075153e-10, 1, 1.6249557255321e-09, 0, -0.038953632116318, -1.61494151385e-09, 0.99924093484879, 0, 0, 9.0949468144414e-15, -1.5258788721439e-07, 1, },
		{ 0.99941873550415, -2.4907009787967e-10, 0.034086436033249, 0, 2.0073187556591e-10, 1, 1.4213736854174e-09, 0, -0.034086436033249, -1.4137060411201e-09, 0.99941873550415, 0, 0, 9.0949468144414e-15, -1.5258788721439e-07, 1, },
		{ 0.99960285425186, -2.024087564223e-10, 0.028175204992294, 0, 1.6938628277785e-10, 1, 1.1743308547807e-09, 0, -0.028175204992294, -1.1690919343721e-09, 0.99960285425186, 0, 0, 9.0949468144414e-15, -1.5258788721439e-07, 1, },
		{ 0.99976348876953, -1.5327827895817e-10, 0.021741269156337, 0, 1.3361756145969e-10, 1, 9.0570484445607e-10, 0, -0.021741269156337, -9.0258683860256e-10, 0.99976348876953, 0, 0, 9.0949468144414e-15, -1.5258788721439e-07, 1, },
		{ 0.99988269805908, -1.05863755262e-10, 0.015306442044675, 0, 9.6122221293626e-11, 1, 6.3731508959108e-10, 0, -0.015306442044675, -6.3577099140844e-10, 0.99988269805908, 0, 0, 9.0949468144414e-15, -1.5258788721439e-07, 1, },
		{ 0.99995583295822, -6.3810290384936e-11, 0.0093927979469299, 0, 6.0136777502162e-11, 1, 3.9090505832284e-10, 0, -0.0093927979469299, -3.9032466148115e-10, 0.99995583295822, 0, 0, 9.0949468144414e-15, -1.5258788721439e-07, 1, },
		{ 0.99998962879181, -3.0265564360255e-11, 0.0045225620269775, 0, 2.9412916546789e-11, 1, 1.881437228235e-10, 0, -0.0045225620269775, -1.8801049606054e-10, 0.99998962879181, 0, 0, 9.0949468144414e-15, -1.5258788721439e-07, 1, },
		{ 0.99999916553497, -8.0611064698366e-12, 0.0012174248695374, 0, 8.0042639183375e-12, 1, 5.0633715970028e-11, 0, -0.0012174248695374, -5.0625281744487e-11, 0.99999916553497, 0, 0, 9.0949468144414e-15, -1.5258788721439e-07, 1, },
		{ 0.99999988079071, -3.5527136788005e-15, -2.7438539124406e-16, 0, 0, 1, -4.4408920985006e-16, 0, -2.7438539124406e-16, -8.8817841970013e-16, 0.99999988079071, 0, 0, 9.0949468144414e-15, -1.5258788721439e-07, 1, },
	},
}
end
