function data()
return {
	times = { 0, 41.667, 83.333, 125, 166.667, 208.333, 250, 291.667, 333.333, 375, 416.667, 458.333, 500, 541.667, 583.333, 625, 666.667, 708.333, 750, 791.667, 833.333, 875, 916.667, 958.333, 1000, 1041.667, 1083.333, 1125, 1166.667, 1208.333, 1250, 1291.667, 1333.333, 1375, 1416.667, 1458.333, 1500, 1541.667, 1583.333, 1625, 1666.667, 1708.333, 1750, 1791.667, 1833.333, 1875, 1916.667, 1958.333, 2000, 2041.667, 2083.333, 2125, 2166.667, 2208.333, 2250, 2291.667, 2333.333, 2375, 2416.667, 2458.333, 2500, 2541.667, 2583.333, 2625, 2666.667, 2708.333, 2750, 2791.667, 2833.333, 2875, 2916.667, 2958.333, 3000, 3041.667, 3083.333, 3125, 3166.667, 3208.333, 3250, 3291.667, 3333.333, 3375, 3416.667, 3458.333, 3500, 3541.667, 3583.333, 3625, 3666.667, 3708.333, 3750, 3791.667, 3833.333, 3875, 3916.667, 3958.333, 4000, 4041.667, 4083.333, 4125, 4166.667, },
	transfs = {
		{ 1, 0, 0, 0, 0, 1, 0, 0, 0, 0, 1, 0, 0, 0, 0, 1, },
		{ 0.99999439716339, 0, -0.0033324442338198, 0, 0, 1, 0, 0, 0.0033324442338198, 0, 0.99999439716339, 0, -0.0041741942986846, 0, 0, 1, },
		{ 0.99992883205414, 0, -0.01193118840456, 0, 0, 1, 0, 0, 0.01193118840456, 0, 0.99992883205414, 0, -0.015383300371468, 0, 0, 1, },
		{ 0.99971920251846, 0, -0.023697333410382, 0, 0, 1, 0, 0, 0.023697333410382, 0, 0.99971920251846, 0, -0.03165527433157, 0, 0, 1, },
		{ 0.99933248758316, 0, -0.036531094461679, 0, 0, 1, 0, 0, 0.036531094461679, 0, 0.99933248758316, 0, -0.051018066704273, 0, 0, 1, },
		{ 0.99883115291595, 0, -0.04833410680294, 0, 0, 1, 0, 0, 0.04833410680294, 0, 0.99883115291595, 0, -0.071501769125462, 0, 0, 1, },
		{ 0.99834835529327, 0, -0.057450000196695, 0, 0, 1, 0, 0, 0.057450000196695, 0, 0.99834835529327, 0, -0.091483153402805, 0, 0, 1, },
		{ 0.99795144796371, 0, -0.063976228237152, 0, 0, 1, 0, 0, 0.063976228237152, 0, 0.99795144796371, 0, -0.11073730140924, 0, 0, 1, },
		{ 0.99765473604202, 0, -0.068447336554527, 0, 0, 1, 0, 0, 0.068447336554527, 0, 0.99765473604202, 0, -0.12939025461674, 0, 0, 1, },
		{ 0.9974479675293, 0, -0.071396701037884, 0, 0, 1, 0, 0, 0.071396701037884, 0, 0.9974479675293, 0, -0.14756591618061, 0, 0, 1, },
		{ 0.99730575084686, 0, -0.073356792330742, 0, 0, 1, 0, 0, 0.073356792330742, 0, 0.99730575084686, 0, -0.16538940370083, 0, 0, 1, },
		{ 0.99720007181168, 0, -0.074779614806175, 0, 0, 1, 0, 0, 0.074779614806175, 0, 0.99720007181168, 0, -0.18299102783203, 0, 0, 1, },
		{ 0.99712330102921, 0, -0.075796656310558, 0, 0, 1, 0, 0, 0.075796656310558, 0, 0.99712330102921, 0, -0.2005193978548, 0, 0, 1, },
		{ 0.99707263708115, 0, -0.076459489762783, 0, 0, 1, 0, 0, 0.076459489762783, 0, 0.99707263708115, 0, -0.21812957525253, 0, 0, 1, },
		{ 0.99704498052597, 0, -0.076819509267807, 0, 0, 1, 0, 0, 0.076819509267807, 0, 0.99704498052597, 0, -0.23597624897957, 0, 0, 1, },
		{ 0.99703657627106, 0, -0.076928079128265, 0, 0, 1, 0, 0, 0.076928079128265, 0, 0.99703657627106, 0, -0.25421324372292, 0, 0, 1, },
		{ 0.99728107452393, 0, -0.073691785335541, 0, 0, 1, 0, 0, 0.073691785335541, 0, 0.99728107452393, 0, -0.27288755774498, 0, 0, 1, },
		{ 0.99786150455475, 0, -0.065363354980946, 0, 0, 1, 0, 0, 0.065363354980946, 0, 0.99786150455475, 0, -0.29161071777344, 0, 0, 1, },
		{ 0.99854022264481, 0, -0.054013606160879, 0, 0, 1, 0, 0, 0.054013606160879, 0, 0.99854022264481, 0, -0.30988922715187, 0, 0, 1, },
		{ 0.99912935495377, 0, -0.041718035936356, 0, 0, 1, 0, 0, 0.041718035936356, 0, 0.99912935495377, 0, -0.32722595334053, 0, 0, 1, },
		{ 0.99953299760818, 0, -0.030557695776224, 0, 0, 1, 0, 0, 0.030557695776224, 0, 0.99953299760818, 0, -0.34312772750854, 0, 0, 1, },
		{ 0.99975579977036, 0, -0.022099023684859, 0, 0, 1, 0, 0, 0.022099023684859, 0, 0.99975579977036, 0, -0.35716581344604, 0, 0, 1, },
		{ 0.99987453222275, 0, -0.015837727114558, 0, 0, 1, 0, 0, 0.015837727114558, 0, 0.99987453222275, 0, -0.36918729543686, 0, 0, 1, },
		{ 0.99994224309921, 0, -0.010750316083431, 0, 0, 1, 0, 0, 0.010750316083431, 0, 0.99994224309921, 0, -0.37910795211792, 0, 0, 1, },
		{ 0.99998313188553, 0, -0.0058125681243837, 0, 0, 1, 0, 0, 0.0058125681243837, 0, 0.99998313188553, 0, -0.38570585846901, 0, 0, 1, },
		{ 1, 0, 0, 0, 0, 1, 0, 0, 0, 0, 1, 0, -0.3923037648201, 0, 0, 1, },
		{ 0.99997276067734, 0, 0.0073769516311586, 0, 0, 1, 0, 0, -0.0073769516311586, 0, 0.99997276067734, 0, -0.39272674918175, 0, 0, 1, },
		{ 0.99987721443176, 0, 0.015668049454689, 0, 0, 1, 0, 0, -0.015668049454689, 0, 0.99987721443176, 0, -0.3931500017643, 0, 0, 1, },
		{ 0.99971461296082, 0, 0.02388809248805, 0, 0, 1, 0, 0, -0.02388809248805, 0, 0.99971461296082, 0, -0.39357298612595, 0, 0, 1, },
		{ 0.99951773881912, 0, 0.03105241060257, 0, 0, 1, 0, 0, -0.03105241060257, 0, 0.99951773881912, 0, -0.39399597048759, 0, 0, 1, },
		{ 0.99934536218643, 0, 0.036177270114422, 0, 0, 1, 0, 0, -0.036177270114422, 0, 0.99934536218643, 0, -0.39441892504692, 0, 0, 1, },
		{ 0.99925136566162, 0, 0.038686919957399, 0, 0, 1, 0, 0, -0.038686919957399, 0, 0.99925136566162, 0, -0.39484220743179, 0, 0, 1, },
		{ 0.99921423196793, 0, 0.039634525775909, 0, 0, 1, 0, 0, -0.039634525775909, 0, 0.99921423196793, 0, -0.39526519179344, 0, 0, 1, },
		{ 0.99918031692505, 0, 0.040479924529791, 0, 0, 1, 0, 0, -0.040479924529791, 0, 0.99918031692505, 0, -0.39568817615509, 0, 0, 1, },
		{ 0.99908870458603, 0, 0.042682681232691, 0, 0, 1, 0, 0, -0.042682681232691, 0, 0.99908870458603, 0, -0.39611113071442, 0, 0, 1, },
		{ 0.99886161088943, 0, 0.04770166426897, 0, 0, 1, 0, 0, -0.04770166426897, 0, 0.99886161088943, 0, -0.39653441309929, 0, 0, 1, },
		{ 0.99815797805786, 0, 0.060667399317026, 0, 0, 1, 0, 0, -0.060667399317026, 0, 0.99815797805786, 0, -0.39695739746094, 0, 0, 1, },
		{ 0.99653351306915, 0, 0.08319216966629, 0, 0, 1, 0, 0, -0.08319216966629, 0, 0.99653351306915, 0, -0.38853147625923, 0, 0, 1, },
		{ 0.99377053976059, 0, 0.11144481599331, 0, 0, 1, 0, 0, -0.11144481599331, 0, 0.99377053976059, 0, -0.37847411632538, 0, 0, 1, },
		{ 0.98992419242859, 0, 0.14159801602364, 0, 0, 1, 0, 0, -0.14159801602364, 0, 0.98992419242859, 0, -0.37004759907722, 0, 0, 1, },
		{ 0.98546773195267, 0, 0.1698627024889, 0, 0, 1, 0, 0, -0.1698627024889, 0, 0.98546773195267, 0, -0.37161681056023, 0, 0, 1, },
		{ 0.98111617565155, 0, 0.19341917335987, 0, 0, 1, 0, 0, -0.19341917335987, 0, 0.98111617565155, 0, -0.37318632006645, 0, 0, 1, },
		{ 0.97703123092651, 0, 0.21309575438499, 0, 0, 1, 0, 0, -0.21309575438499, 0, 0.97703123092651, 0, -0.37475553154945, 0, 0, 1, },
		{ 0.97304749488831, 0, 0.23060448467731, 0, 0, 1, 0, 0, -0.23060448467731, 0, 0.97304749488831, 0, -0.37632477283478, 0, 0, 1, },
		{ 0.96885448694229, 0, 0.24763081967831, 0, 0, 1, 0, 0, -0.24763081967831, 0, 0.96885448694229, 0, -0.377894282341, 0, 0, 1, },
		{ 0.96401923894882, 0, 0.26583251357079, 0, 0, 1, 0, 0, -0.26583251357079, 0, 0.96401923894882, 0, -0.37946349382401, 0, 0, 1, },
		{ 0.95819735527039, 0, 0.28610810637474, 0, 0, 1, 0, 0, -0.28610810637474, 0, 0.95819735527039, 0, -0.37324431538582, 0, 0, 1, },
		{ 0.95188599824905, 0, 0.30645221471786, 0, 0, 1, 0, 0, -0.30645221471786, 0, 0.95188599824905, 0, -0.35654357075691, 0, 0, 1, },
		{ 0.9459907412529, 0, 0.32419362664223, 0, 0, 1, 0, 0, -0.32419362664223, 0, 0.9459907412529, 0, -0.33229675889015, 0, 0, 1, },
		{ 0.94160240888596, 0, 0.33672654628754, 0, 0, 1, 0, 0, -0.33672654628754, 0, 0.94160240888596, 0, -0.30343961715698, 0, 0, 1, },
		{ 0.93988972902298, 0, 0.34147813916206, 0, 0, 1, 0, 0, -0.34147813916206, 0, 0.93988972902298, 0, -0.27290710806847, 0, 0, 1, },
		{ 0.940016746521, 0, 0.34112825989723, 0, 0, 1, 0, 0, -0.34112825989723, 0, 0.940016746521, 0, -0.2431448251009, 0, 0, 1, },
		{ 0.9403190612793, 0, 0.34029397368431, 0, 0, 1, 0, 0, -0.34029397368431, 0, 0.9403190612793, 0, -0.21464020013809, 0, 0, 1, },
		{ 0.9406790137291, 0, 0.33929768204689, 0, 0, 1, 0, 0, -0.33929768204689, 0, 0.9406790137291, 0, -0.18738800287247, 0, 0, 1, },
		{ 0.94097971916199, 0, 0.33846279978752, 0, 0, 1, 0, 0, -0.33846279978752, 0, 0.94097971916199, 0, -0.16138549149036, 0, 0, 1, },
		{ 0.94110572338104, 0, 0.33811250329018, 0, 0, 1, 0, 0, -0.33811250329018, 0, 0.94110572338104, 0, -0.13662841916084, 0, 0, 1, },
		{ 0.94061708450317, 0, 0.33946943283081, 0, 0, 1, 0, 0, -0.33946943283081, 0, 0.94061708450317, 0, -0.11311462521553, 0, 0, 1, },
		{ 0.93922203779221, 0, 0.34331011772156, 0, 0, 1, 0, 0, -0.34331011772156, 0, 0.93922203779221, 0, -0.090839229524136, 0, 0, 1, },
		{ 0.93701648712158, 0, 0.34928503632545, 0, 0, 1, 0, 0, -0.34928503632545, 0, 0.93701648712158, 0, -0.06979888677597, 0, 0, 1, },
		{ 0.93408834934235, 0, 0.35704189538956, 0, 0, 1, 0, 0, -0.35704189538956, 0, 0.93408834934235, 0, -0.049991149455309, 0, 0, 1, },
		{ 0.93052536249161, 0, 0.36622747778893, 0, 0, 1, 0, 0, -0.36622747778893, 0, 0.93052536249161, 0, -0.031410522758961, 0, 0, 1, },
		{ 0.92648100852966, 0, 0.37634149193764, 0, 0, 1, 0, 0, -0.37634149193764, 0, 0.92648100852966, 0, -0.014055175706744, 0, 0, 1, },
		{ 0.92237329483032, 0, 0.38629955053329, 0, 0, 1, 0, 0, -0.38629955053329, 0, 0.92237329483032, 0, 0.002079467754811, 0, 0, 1, },
		{ 0.9187291264534, 0, 0.39488822221756, 0, 0, 1, 0, 0, -0.39488822221756, 0, 0.9187291264534, 0, 0.016996460035443, 0, 0, 1, },
		{ 0.91611611843109, 0, 0.4009128510952, 0, 0, 1, 0, 0, -0.4009128510952, 0, 0.91611611843109, 0, 0.030699461698532, 0, 0, 1, },
		{ 0.91511809825897, 0, 0.40318587422371, 0, 0, 1, 0, 0, -0.40318587422371, 0, 0.91511809825897, 0, 0.043192442506552, 0, 0, 1, },
		{ 0.91601926088333, 0, 0.40113419294357, 0, 0, 1, 0, 0, -0.40113419294357, 0, 0.91601926088333, 0, 0.054478757083416, 0, 0, 1, },
		{ 0.91814965009689, 0, 0.39623364806175, 0, 0, 1, 0, 0, -0.39623364806175, 0, 0.91814965009689, 0, 0.06456146389246, 0, 0, 1, },
		{ 0.92065811157227, 0, 0.39036986231804, 0, 0, 1, 0, 0, -0.39036986231804, 0, 0.92065811157227, 0, 0.072846986353397, 0, 0, 1, },
		{ 0.92273092269897, 0, 0.3854446709156, 0, 0, 1, 0, 0, -0.3854446709156, 0, 0.92273092269897, 0, 0.081132508814335, 0, 0, 1, },
		{ 0.92359232902527, 0, 0.38337600231171, 0, 0, 1, 0, 0, -0.38337600231171, 0, 0.92359232902527, 0, 0.087033078074455, 0, 0, 1, },
		{ 0.92200201749802, 0, 0.38718509674072, 0, 0, 1, 0, 0, -0.38718509674072, 0, 0.92200201749802, 0, 0.092933349311352, 0, 0, 1, },
		{ 0.91814631223679, 0, 0.39624151587486, 0, 0, 1, 0, 0, -0.39624151587486, 0, 0.91814631223679, 0, 0.095285035669804, 0, 0, 1, },
		{ 0.91342788934708, 0, 0.40700063109398, 0, 0, 1, 0, 0, -0.40700063109398, 0, 0.91342788934708, 0, 0.097636714577675, 0, 0, 1, },
		{ 0.90937751531601, 0, 0.41597163677216, 0, 0, 1, 0, 0, -0.41597163677216, 0, 0.90937751531601, 0, 0.099988095462322, 0, 0, 1, },
		{ 0.90765273571014, 0, 0.41972184181213, 0, 0, 1, 0, 0, -0.41972184181213, 0, 0.90765273571014, 0, 0.10233978182077, 0, 0, 1, },
		{ 0.90789115428925, 0, 0.41920593380928, 0, 0, 1, 0, 0, -0.41920593380928, 0, 0.90789115428925, 0, 0.10021118074656, 0, 0, 1, },
		{ 0.90861964225769, 0, 0.41762465238571, 0, 0, 1, 0, 0, -0.41762465238571, 0, 0.90861964225769, 0, 0.098082274198532, 0, 0, 1, },
		{ 0.90985512733459, 0, 0.41492605209351, 0, 0, 1, 0, 0, -0.41492605209351, 0, 0.90985512733459, 0, 0.095953673124313, 0, 0, 1, },
		{ 0.91161000728607, 0, 0.41105607151985, 0, 0, 1, 0, 0, -0.41105607151985, 0, 0.91161000728607, 0, 0.09382476657629, 0, 0, 1, },
		{ 0.91389149427414, 0, 0.40595853328705, 0, 0, 1, 0, 0, -0.40595853328705, 0, 0.91389149427414, 0, 0.091696165502071, 0, 0, 1, },
		{ 0.91670060157776, 0, 0.39957463741302, 0, 0, 1, 0, 0, -0.39957463741302, 0, 0.91670060157776, 0, 0.087000116705894, 0, 0, 1, },
		{ 0.92003208398819, 0, 0.39184311032295, 0, 0, 1, 0, 0, -0.39184311032295, 0, 0.92003208398819, 0, 0.082303769886494, 0, 0, 1, },
		{ 0.92387264966965, 0, 0.38269996643066, 0, 0, 1, 0, 0, -0.38269996643066, 0, 0.92387264966965, 0, 0.077607728540897, 0, 0, 1, },
		{ 0.92820131778717, 0, 0.3720782995224, 0, 0, 1, 0, 0, -0.3720782995224, 0, 0.92820131778717, 0, 0.071961976587772, 0, 0, 1, },
		{ 0.9329873919487, 0, 0.35990905761719, 0, 0, 1, 0, 0, -0.35990905761719, 0, 0.9329873919487, 0, 0.066316224634647, 0, 0, 1, },
		{ 0.93817746639252, 0, 0.34615454077721, 0, 0, 1, 0, 0, -0.34615454077721, 0, 0.93817746639252, 0, 0.060277096927166, 0, 0, 1, },
		{ 0.94366043806076, 0, 0.33091521263123, 0, 0, 1, 0, 0, -0.33091521263123, 0, 0.94366043806076, 0, 0.054238278418779, 0, 0, 1, },
		{ 0.94931423664093, 0, 0.31432840228081, 0, 0, 1, 0, 0, -0.31432840228081, 0, 0.94931423664093, 0, 0.048120725899935, 0, 0, 1, },
		{ 0.95502173900604, 0, 0.29653578996658, 0, 0, 1, 0, 0, -0.29653578996658, 0, 0.95502173900604, 0, 0.04200317338109, 0, 0, 1, },
		{ 0.96067255735397, 0, 0.27768355607986, 0, 0, 1, 0, 0, -0.27768355607986, 0, 0.96067255735397, 0, 0.03612182661891, 0, 0, 1, },
		{ 0.96621698141098, 0, 0.25772994756699, 0, 0, 1, 0, 0, -0.25772994756699, 0, 0.96621698141098, 0, 0.03024017252028, 0, 0, 1, },
		{ 0.97178769111633, 0, 0.23585723340511, 0, 0, 1, 0, 0, -0.23585723340511, 0, 0.97178769111633, 0, 0.024908447638154, 0, 0, 1, },
		{ 0.97747826576233, 0, 0.21103616058826, 0, 0, 1, 0, 0, -0.21103616058826, 0, 0.97747826576233, 0, 0.019577026367188, 0, 0, 1, },
		{ 0.98325806856155, 0, 0.1822184920311, 0, 0, 1, 0, 0, -0.1822184920311, 0, 0.98325806856155, 0, 0.015391539782286, 0, 0, 1, },
		{ 0.98893630504608, 0, 0.14834035933018, 0, 0, 1, 0, 0, -0.14834035933018, 0, 0.98893630504608, 0, 0.011206359602511, 0, 0, 1, },
		{ 0.99399852752686, 0, 0.10939297825098, 0, 0, 1, 0, 0, -0.10939297825098, 0, 0.99399852752686, 0, 0.0070208739489317, 0, 0, 1, },
		{ 0.99757099151611, 0, 0.069657117128372, 0, 0, 1, 0, 0, -0.069657117128372, 0, 0.99757099151611, 0, 0.0052655027247965, 0, 0, 1, },
		{ 0.99940270185471, 0, 0.034557670354843, 0, 0, 1, 0, 0, -0.034557670354843, 0, 0.99940270185471, 0, 0.0035104369744658, 0, 0, 1, },
		{ 0.99995452165604, 0, 0.0095361825078726, 0, 0, 1, 0, 0, -0.0095361825078726, 0, 0.99995452165604, 0, 0.0017553711077198, 0, 0, 1, },
		{ 1, 0, 0, 0, 0, 1, 0, 0, 0, 0, 1, 0, 0, 0, 0, 1, },
	},
}
end
