function data()
return {
	times = { 0, 41.667, 83.333, 125, 166.667, 208.333, 250, 291.667, 333.333, 375, 416.667, 458.333, 500, 541.667, 583.333, 625, 666.667, 708.333, 750, 791.667, 833.333, 875, 916.667, 958.333, 1000, 1041.667, 1083.333, 1125, 1166.667, 1208.333, 1250, 1291.667, 1333.333, 1375, 1416.667, 1458.333, 1500, 1541.667, 1583.333, 1625, 1666.667, 1708.333, 1750, 1791.667, 1833.333, 1875, 1916.667, 1958.333, 2000, 2041.667, 2083.333, 2125, 2166.667, 2208.333, 2250, 2291.667, 2333.333, 2375, 2416.667, 2458.333, 2500, 2541.667, 2583.333, 2625, 2666.667, 2708.333, 2750, 2791.667, 2833.333, 2875, 2916.667, 2958.333, 3000, 3041.667, 3083.333, 3125, 3166.667, 3208.333, 3250, 3291.667, 3333.333, 3375, 3416.667, 3458.333, 3500, 3541.667, 3583.333, 3625, 3666.667, 3708.333, 3750, 3791.667, 3833.333, 3875, 3916.667, 3958.333, 4000, 4041.667, 4083.333, 4125, 4166.667, },
	transfs = {
		{ 1, 0, 0, 0, 0, 1, 0, 0, 0, 0, 1, 0, 0, 0, 0, 1, },
		{ 0.99999988079071, 0, 0.00027998987934552, 0, 0, 1, 0, 0, -0.00027998987934552, 0, 0.99999988079071, 0, 0.0085453409701586, 0, -0.0014590453356504, 1, },
		{ 0.99999940395355, 0, 0.0011063744314015, 0, 0, 1, 0, 0, -0.0011063744314015, 0, 0.99999940395355, 0, 0.030952757224441, 0, -0.0029182434082031, 1, },
		{ 0.99999690055847, 0, 0.0024587742518634, 0, 0, 1, 0, 0, -0.0024587742518634, 0, 0.99999690055847, 0, 0.062379341572523, 0, -0.0066510010510683, 1, },
		{ 0.99999064207077, 0, 0.004316805396229, 0, 0, 1, 0, 0, -0.004316805396229, 0, 0.99999064207077, 0, 0.097982287406921, 0, -0.011974639259279, 1, },
		{ 0.99997782707214, 0, 0.0066600730642676, 0, 0, 1, 0, 0, -0.0066600730642676, 0, 0.99997782707214, 0, 0.13291881978512, 0, -0.01894592307508, 1, },
		{ 0.99995517730713, 0, 0.0094681708142161, 0, 0, 1, 0, 0, -0.0094681708142161, 0, 0.99995517730713, 0, 0.16334918141365, 0, -0.027601471170783, 1, },
		{ 0.99991911649704, 0, 0.012720665894449, 0, 0, 1, 0, 0, -0.012720665894449, 0, 0.99991911649704, 0, 0.18944706022739, 0, -0.037897031754255, 1, },
		{ 0.99986547231674, 0, 0.016397103667259, 0, 0, 1, 0, 0, -0.016397103667259, 0, 0.99986547231674, 0, 0.21238948404789, 0, -0.049768753349781, 1, },
		{ 0.99979025125504, 0, 0.020476989448071, 0, 0, 1, 0, 0, -0.020476989448071, 0, 0.99979025125504, 0, 0.23335334658623, 0, -0.063152842223644, 1, },
		{ 0.99968892335892, 0, 0.024939788505435, 0, 0, 1, 0, 0, -0.024939788505435, 0, 0.99968892335892, 0, 0.25351563096046, 0, -0.077984996140003, 1, },
		{ 0.99955695867538, 0, 0.029764179140329, 0, 0, 1, 0, 0, -0.029764179140329, 0, 0.99955695867538, 0, 0.2737857401371, 0, -0.094200052320957, 1, },
		{ 0.99938988685608, 0, 0.034925792366266, 0, 0, 1, 0, 0, -0.034925792366266, 0, 0.99938988685608, 0, 0.29400232434273, 0, -0.11172813177109, 1, },
		{ 0.99918359518051, 0, 0.040399447083473, 0, 0, 1, 0, 0, -0.040399447083473, 0, 0.99918359518051, 0, 0.31373730301857, 0, -0.13049727678299, 1, },
		{ 0.99893409013748, 0, 0.046159937977791, 0, 0, 1, 0, 0, -0.046159937977791, 0, 0.99893409013748, 0, 0.33256167173386, 0, -0.15043647587299, 1, },
		{ 0.99863761663437, 0, 0.052181985229254, 0, 0, 1, 0, 0, -0.052181985229254, 0, 0.99863761663437, 0, 0.35004702210426, 0, -0.17147392034531, 1, },
		{ 0.99829089641571, 0, 0.0584403462708, 0, 0, 1, 0, 0, -0.0584403462708, 0, 0.99829089641571, 0, 0.36584779620171, 0, -0.19353468716145, 1, },
		{ 0.99789106845856, 0, 0.064909666776657, 0, 0, 1, 0, 0, -0.064909666776657, 0, 0.99789106845856, 0, 0.3799509704113, 0, -0.21652747690678, 1, },
		{ 0.99743592739105, 0, 0.071564570069313, 0, 0, 1, 0, 0, -0.071564570069313, 0, 0.99743592739105, 0, 0.39242669939995, 0, -0.24035827815533, 1, },
		{ 0.99692356586456, 0, 0.078379735350609, 0, 0, 1, 0, 0, -0.078379735350609, 0, 0.99692356586456, 0, 0.40334543585777, 0, -0.26493185758591, 1, },
		{ 0.99635273218155, 0, 0.085329793393612, 0, 0, 1, 0, 0, -0.085329793393612, 0, 0.99635273218155, 0, 0.41277688741684, 0, -0.29015409946442, 1, },
		{ 0.99572288990021, 0, 0.092389844357967, 0, 0, 1, 0, 0, -0.092389844357967, 0, 0.99572288990021, 0, 0.42075809836388, 0, -0.31592825055122, 1, },
		{ 0.99503380060196, 0, 0.09953685849905, 0, 0, 1, 0, 0, -0.09953685849905, 0, 0.99503380060196, 0, 0.42719227075577, 0, -0.34215012192726, 1, },
		{ 0.99428606033325, 0, 0.10674829781055, 0, 0, 1, 0, 0, -0.10674829781055, 0, 0.99428606033325, 0, 0.431949198246, 0, -0.36871328949928, 1, },
		{ 0.99348056316376, 0, 0.11400168389082, 0, 0, 1, 0, 0, -0.11400168389082, 0, 0.99348056316376, 0, 0.43489870429039, 0, -0.39551201462746, 1, },
		{ 0.99261897802353, 0, 0.12127461284399, 0, 0, 1, 0, 0, -0.12127461284399, 0, 0.99261897802353, 0, 0.43504655361176, 0, -0.42243993282318, 1, },
		{ 0.991703748703, 0, 0.12854455411434, 0, 0, 1, 0, 0, -0.12854455411434, 0, 0.991703748703, 0, 0.43519434332848, 0, -0.44939148426056, 1, },
		{ 0.99073767662048, 0, 0.13578934967518, 0, 0, 1, 0, 0, -0.13578934967518, 0, 0.99073767662048, 0, 0.43300554156303, 0, -0.47626250982285, 1, },
		{ 0.98972451686859, 0, 0.14298675954342, 0, 0, 1, 0, 0, -0.14298675954342, 0, 0.98972451686859, 0, 0.42928516864777, 0, -0.50294941663742, 1, },
		{ 0.98866856098175, 0, 0.15011464059353, 0, 0, 1, 0, 0, -0.15011464059353, 0, 0.98866856098175, 0, 0.4239738881588, 0, -0.52934890985489, 1, },
		{ 0.98757457733154, 0, 0.15715101361275, 0, 0, 1, 0, 0, -0.15715101361275, 0, 0.98757457733154, 0, 0.4170124232769, 0, -0.55535709857941, 1, },
		{ 0.98644828796387, 0, 0.16407234966755, 0, 0, 1, 0, 0, -0.16407234966755, 0, 0.98644828796387, 0, 0.40836223959923, 0, -0.58087158203125, 1, },
		{ 0.98529720306396, 0, 0.17084896564484, 0, 0, 1, 0, 0, -0.17084896564484, 0, 0.98529720306396, 0, 0.39806789159775, 0, -0.60579299926758, 1, },
		{ 0.98412984609604, 0, 0.17744959890842, 0, 0, 1, 0, 0, -0.17744959890842, 0, 0.98412984609604, 0, 0.38619440793991, 0, -0.63002324104309, 1, },
		{ 0.98295557498932, 0, 0.18384313583374, 0, 0, 1, 0, 0, -0.18384313583374, 0, 0.98295557498932, 0, 0.37280717492104, 0, -0.65346425771713, 1, },
		{ 0.98178434371948, 0, 0.18999871611595, 0, 0, 1, 0, 0, -0.18999871611595, 0, 0.98178434371948, 0, 0.35797107219696, 0, -0.67601764202118, 1, },
		{ 0.98062670230865, 0, 0.19588579237461, 0, 0, 1, 0, 0, -0.19588579237461, 0, 0.98062670230865, 0, 0.34175249934196, 0, -0.69758838415146, 1, },
		{ 0.9794939160347, 0, 0.20147387683392, 0, 0, 1, 0, 0, -0.20147387683392, 0, 0.9794939160347, 0, 0.32422131299973, 0, -0.71809387207031, 1, },
		{ 0.97839748859406, 0, 0.20673242211342, 0, 0, 1, 0, 0, -0.20673242211342, 0, 0.97839748859406, 0, 0.30544865131378, 0, -0.73745435476303, 1, },
		{ 0.97734957933426, 0, 0.21163132786751, 0, 0, 1, 0, 0, -0.21163132786751, 0, 0.97734957933426, 0, 0.28550541400909, 0, -0.75559049844742, 1, },
		{ 0.9763622879982, 0, 0.21614046394825, 0, 0, 1, 0, 0, -0.21614046394825, 0, 0.9763622879982, 0, 0.26446262001991, 0, -0.77242237329483, 1, },
		{ 0.97544693946838, 0, 0.22023440897465, 0, 0, 1, 0, 0, -0.22023440897465, 0, 0.97544693946838, 0, 0.2423954308033, 0, -0.78787869215012, 1, },
		{ 0.9746105670929, 0, 0.22390675544739, 0, 0, 1, 0, 0, -0.22390675544739, 0, 0.9746105670929, 0, 0.21939547359943, 0, -0.80191999673843, 1, },
		{ 0.97385847568512, 0, 0.22715549170971, 0, 0, 1, 0, 0, -0.22715549170971, 0, 0.97385847568512, 0, 0.19555857777596, 0, -0.81451499462128, 1, },
		{ 0.97319567203522, 0, 0.22997865080833, 0, 0, 1, 0, 0, -0.22997865080833, 0, 0.97319567203522, 0, 0.17098052799702, 0, -0.82563215494156, 1, },
		{ 0.97262644767761, 0, 0.23237392306328, 0, 0, 1, 0, 0, -0.23237392306328, 0, 0.97262644767761, 0, 0.14575728774071, 0, -0.83524012565613, 1, },
		{ 0.97215485572815, 0, 0.23433934152126, 0, 0, 1, 0, 0, -0.23433934152126, 0, 0.97215485572815, 0, 0.11998588591814, 0, -0.84329771995544, 1, },
		{ 0.97178399562836, 0, 0.23587247729301, 0, 0, 1, 0, 0, -0.23587247729301, 0, 0.97178399562836, 0, 0.09376884251833, 0, -0.84972351789474, 1, },
		{ 0.97151666879654, 0, 0.2369708865881, 0, 0, 1, 0, 0, -0.2369708865881, 0, 0.97151666879654, 0, 0.067210078239441, 0, -0.85442614555359, 1, },
		{ 0.97135519981384, 0, 0.23763188719749, 0, 0, 1, 0, 0, -0.23763188719749, 0, 0.97135519981384, 0, 0.040413361042738, 0, -0.85731476545334, 1, },
		{ 0.97135871648788, 0, 0.2376175224781, 0, 0, 1, 0, 0, -0.2376175224781, 0, 0.97135871648788, 0, 0.013482551090419, 0, -0.85829788446426, 1, },
		{ 0.97136229276657, 0, 0.23760315775871, 0, 0, 1, 0, 0, -0.23760315775871, 0, 0.97136229276657, 0, -0.013477973639965, 0, -0.85758769512177, 1, },
		{ 0.97154229879379, 0, 0.23686595261097, 0, 0, 1, 0, 0, -0.23686595261097, 0, 0.97154229879379, 0, -0.040362279862165, 0, -0.85541397333145, 1, },
		{ 0.97183585166931, 0, 0.23565880954266, 0, 0, 1, 0, 0, -0.23565880954266, 0, 0.97183585166931, 0, -0.067063733935356, 0, -0.85171234607697, 1, },
		{ 0.97223669290543, 0, 0.2339996099472, 0, 0, 1, 0, 0, -0.2339996099472, 0, 0.97223669290543, 0, -0.093475818634033, 0, -0.84641820192337, 1, },
		{ 0.97273820638657, 0, 0.23190565407276, 0, 0, 1, 0, 0, -0.23190565407276, 0, 0.97273820638657, 0, -0.11949199438095, 0, -0.83946704864502, 1, },
		{ 0.97333359718323, 0, 0.22939430177212, 0, 0, 1, 0, 0, -0.22939430177212, 0, 0.97333359718323, 0, -0.14500741660595, 0, -0.83081662654877, 1, },
		{ 0.97401505708694, 0, 0.22648303210735, 0, 0, 1, 0, 0, -0.22648303210735, 0, 0.97401505708694, 0, -0.16992400586605, 0, -0.82051301002502, 1, },
		{ 0.97477519512177, 0, 0.2231889218092, 0, 0, 1, 0, 0, -0.2231889218092, 0, 0.97477519512177, 0, -0.19414527714252, 0, -0.8086245059967, 1, },
		{ 0.97560584545135, 0, 0.21952930092812, 0, 0, 1, 0, 0, -0.21952930092812, 0, 0.97560584545135, 0, -0.21757480502129, 0, -0.79521954059601, 1, },
		{ 0.97649908065796, 0, 0.21552136540413, 0, 0, 1, 0, 0, -0.21552136540413, 0, 0.97649908065796, 0, -0.24011613428593, 0, -0.7803663611412, 1, },
		{ 0.97744679450989, 0, 0.21118149161339, 0, 0, 1, 0, 0, -0.21118149161339, 0, 0.97744679450989, 0, -0.26167583465576, 0, -0.76413404941559, 1, },
		{ 0.9784420132637, 0, 0.2065218091011, 0, 0, 1, 0, 0, -0.2065218091011, 0, 0.9784420132637, 0, -0.28217232227325, 0, -0.7465934753418, 1, },
		{ 0.97947734594345, 0, 0.20155408978462, 0, 0, 1, 0, 0, -0.20155408978462, 0, 0.97947734594345, 0, -0.30152708292007, 0, -0.72781658172607, 1, },
		{ 0.98054593801498, 0, 0.19628961384296, 0, 0, 1, 0, 0, -0.19628961384296, 0, 0.98054593801498, 0, -0.31966158747673, 0, -0.70787513256073, 1, },
		{ 0.98164051771164, 0, 0.19074010848999, 0, 0, 1, 0, 0, -0.19074010848999, 0, 0.98164051771164, 0, -0.33649718761444, 0, -0.68684065341949, 1, },
		{ 0.98275411128998, 0, 0.18491688370705, 0, 0, 1, 0, 0, -0.18491688370705, 0, 0.98275411128998, 0, -0.35196304321289, 0, -0.66478842496872, 1, },
		{ 0.98387962579727, 0, 0.17883187532425, 0, 0, 1, 0, 0, -0.17883187532425, 0, 0.98387962579727, 0, -0.36601829528809, 0, -0.64180737733841, 1, },
		{ 0.98501008749008, 0, 0.17249670624733, 0, 0, 1, 0, 0, -0.17249670624733, 0, 0.98501008749008, 0, -0.37862986326218, 0, -0.61799025535583, 1, },
		{ 0.98613864183426, 0, 0.16592326760292, 0, 0, 1, 0, 0, -0.16592326760292, 0, 0.98613864183426, 0, -0.38976466655731, 0, -0.59342908859253, 1, },
		{ 0.98725873231888, 0, 0.15912328660488, 0, 0, 1, 0, 0, -0.15912328660488, 0, 0.98725873231888, 0, -0.399389564991, 0, -0.56821662187576, 1, },
		{ 0.98836302757263, 0, 0.15211336314678, 0, 0, 1, 0, 0, -0.15211336314678, 0, 0.98836302757263, 0, -0.40746161341667, 0, -0.54244750738144, 1, },
		{ 0.98944222927094, 0, 0.1449276059866, 0, 0, 1, 0, 0, -0.1449276059866, 0, 0.98944222927094, 0, -0.41389918327332, 0, -0.51622605323792, 1, },
		{ 0.99048715829849, 0, 0.13760468363762, 0, 0, 1, 0, 0, -0.13760468363762, 0, 0.99048715829849, 0, -0.41861069202423, 0, -0.48965871334076, 1, },
		{ 0.9914898276329, 0, 0.1301835924387, 0, 0, 1, 0, 0, -0.1301835924387, 0, 0.9914898276329, 0, -0.42150464653969, 0, -0.46285200119019, 1, },
		{ 0.99244332313538, 0, 0.12270346283913, 0, 0, 1, 0, 0, -0.12270346283913, 0, 0.99244332313538, 0, -0.42248964309692, 0, -0.4359125494957, 1, },
		{ 0.99334186315536, 0, 0.11520360410213, 0, 0, 1, 0, 0, -0.11520360410213, 0, 0.99334186315536, 0, -0.4217534661293, 0, -0.40894651412964, 1, },
		{ 0.99418091773987, 0, 0.10772343724966, 0, 0, 1, 0, 0, -0.10772343724966, 0, 0.99418091773987, 0, -0.41952440142632, 0, -0.38205999135971, 1, },
		{ 0.99495697021484, 0, 0.10030263662338, 0, 0, 1, 0, 0, -0.10030263662338, 0, 0.99495697021484, 0, -0.41577184200287, 0, -0.35535827279091, 1, },
		{ 0.99566781520844, 0, 0.092980824410915, 0, 0, 1, 0, 0, -0.092980824410915, 0, 0.99566781520844, 0, -0.4104650914669, 0, -0.32894712686539, 1, },
		{ 0.99631249904633, 0, 0.085797771811485, 0, 0, 1, 0, 0, -0.085797771811485, 0, 0.99631249904633, 0, -0.40357345342636, 0, -0.30293196439743, 1, },
		{ 0.99689131975174, 0, 0.078788861632347, 0, 0, 1, 0, 0, -0.078788861632347, 0, 0.99689131975174, 0, -0.39506751298904, 0, -0.27741697430611, 1, },
		{ 0.99740660190582, 0, 0.071971766650677, 0, 0, 1, 0, 0, -0.071971766650677, 0, 0.99740660190582, 0, -0.38492271304131, 0, -0.25250044465065, 1, },
		{ 0.99786174297333, 0, 0.065359629690647, 0, 0, 1, 0, 0, -0.065359629690647, 0, 0.99786174297333, 0, -0.37311559915543, 0, -0.22827857732773, 1, },
		{ 0.99825996160507, 0, 0.058965664356947, 0, 0, 1, 0, 0, -0.058965664356947, 0, 0.99825996160507, 0, -0.35962295532227, 0, -0.20484824478626, 1, },
		{ 0.99860495328903, 0, 0.052802875638008, 0, 0, 1, 0, 0, -0.052802875638008, 0, 0.99860495328903, 0, -0.34442129731178, 0, -0.18230605125427, 1, },
		{ 0.99890029430389, 0, 0.046884402632713, 0, 0, 1, 0, 0, -0.046884402632713, 0, 0.99890029430389, 0, -0.32755935192108, 0, -0.16074554622173, 1, },
		{ 0.99914997816086, 0, 0.041223186999559, 0, 0, 1, 0, 0, -0.041223186999559, 0, 0.99914997816086, 0, -0.30937391519547, 0, -0.14024893939495, 1, },
		{ 0.99935781955719, 0, 0.035832244902849, 0, 0, 1, 0, 0, -0.035832244902849, 0, 0.99935781955719, 0, -0.29027390480042, 0, -0.12089461833239, 1, },
		{ 0.99952787160873, 0, 0.030724430456758, 0, 0, 1, 0, 0, -0.030724430456758, 0, 0.99952787160873, 0, -0.2706680893898, 0, -0.10276191681623, 1, },
		{ 0.99966412782669, 0, 0.025912631303072, 0, 0, 1, 0, 0, -0.025912631303072, 0, 0.99966412782669, 0, -0.25096529722214, 0, -0.085929408669472, 1, },
		{ 0.99977070093155, 0, 0.021412778645754, 0, 0, 1, 0, 0, -0.021412778645754, 0, 0.99977070093155, 0, -0.23131041228771, 0, -0.070468597114086, 1, },
		{ 0.999851167202, 0, 0.017253268510103, 0, 0, 1, 0, 0, -0.017253268510103, 0, 0.999851167202, 0, -0.21079267561436, 0, -0.056419905275106, 1, },
		{ 0.9999093413353, 0, 0.013465578667819, 0, 0, 1, 0, 0, -0.013465578667819, 0, 0.9999093413353, 0, -0.18823711574078, 0, -0.043815918266773, 1, },
		{ 0.99994909763336, 0, 0.010081139393151, 0, 0, 1, 0, 0, -0.010081139393151, 0, 0.99994909763336, 0, -0.16246891021729, 0, -0.032689359039068, 1, },
		{ 0.99997454881668, 0, 0.007131353020668, 0, 0, 1, 0, 0, -0.007131353020668, 0, 0.99997454881668, 0, -0.13231319189072, 0, -0.023072814568877, 1, },
		{ 0.99998915195465, 0, 0.0046476097777486, 0, 0, 1, 0, 0, -0.0046476097777486, 0, 0.99998915195465, 0, -0.097598321735859, 0, -0.015009002760053, 1, },
		{ 0.99999642372131, 0, 0.0026612703222781, 0, 0, 1, 0, 0, -0.0026612703222781, 0, 0.99999642372131, 0, -0.06216537207365, 0, -0.0085787959396839, 1, },
		{ 0.99999922513962, 0, 0.0012036699336022, 0, 0, 1, 0, 0, -0.0012036699336022, 0, 0.99999922513962, 0, -0.03085857257247, 0, -0.0038734434638172, 1, },
		{ 0.99999988079071, 0, 0.00030613772105426, 0, 0, 1, 0, 0, -0.00030613772105426, 0, 0.99999988079071, 0, -0.0085219955071807, 0, -0.00098358152899891, 1, },
		{ 1, 0, 0, 0, 0, 1, 0, 0, 0, 0, 1, 0, 0, 0, 0, 1, },
	},
}
end
