function data()
return {
	times = { 0, 41.667, 83.333, 125, 166.667, 208.333, 250, 291.667, 333.333, 375, 416.667, 458.333, 500, 541.667, 583.333, 625, 666.667, 708.333, 750, 791.667, 833.333, 875, 916.667, 958.333, 1000, 1041.667, 1083.333, 1125, 1166.667, 1208.333, 1250, 1291.667, 1333.333, 1375, 1416.667, 1458.333, 1500, 1541.667, 1583.333, 1625, 1666.667, 1708.333, 1750, 1791.667, 1833.333, 1875, 1916.667, 1958.333, 2000, 2041.667, 2083.333, 2125, 2166.667, 2208.333, 2250, 2291.667, 2333.333, 2375, 2416.667, 2458.333, 2500, 2541.667, 2583.333, 2625, 2666.667, 2708.333, 2750, 2791.667, 2833.333, 2875, 2916.667, 2958.333, 3000, 3041.667, 3083.333, 3125, 3166.667, 3208.333, 3250, 3291.667, 3333.333, 3375, 3416.667, 3458.333, 3500, 3541.667, 3583.333, 3625, 3666.667, 3708.333, 3750, 3791.667, 3833.333, 3875, 3916.667, 3958.333, 4000, 4041.667, 4083.333, 4125, 4166.667, },
	transfs = {
		{ 1, 0, -3.7252902984619e-09, 0, 0, 1, 1.3877787807814e-17, 0, 3.7252902984619e-09, -4.1633363423443e-17, 1, 0, 3.8146971803599e-08, -1.5258788721439e-07, 7.6293943607197e-08, 1, },
		{ 0.99999958276749, -1.1279865930192e-13, 0.00086862593889236, 0, 1.1723955140042e-13, 1, -5.1775107638707e-12, 0, -0.00086862593889236, 5.1776083420663e-12, 0.99999958276749, 0, -0.00086742400890216, -1.5258788721439e-07, -0.0014135742094368, 1, },
		{ 0.99999445676804, -4.0500935938326e-13, 0.0033086203038692, 0, 4.7029047323122e-13, 1, -1.9720822197478e-11, 0, -0.0033086203038692, 1.9722251609622e-11, 0.99999445676804, 0, -0.0033473204821348, -1.5258788721439e-07, -0.0053584286943078, 1, },
		{ 0.99997490644455, -7.8648193643435e-13, 0.0070712077431381, 0, 1.0844658504539e-12, 1, -4.2145675838157e-11, 0, -0.0070712077431381, 4.2152267787365e-11, 0.99997490644455, 0, -0.0072557064704597, -1.5258788721439e-07, -0.011390686035156, 1, },
		{ 0.99992901086807, -1.1528555887708e-12, 0.01190747320652, 0, 1.9979573551154e-12, 1, -7.0966857390609e-11, 0, -0.01190747320652, 7.0985578526361e-11, 0.99992901086807, 0, -0.012409095652401, -1.5258788721439e-07, -0.019066466018558, 1, },
		{ 0.99984556436539, -1.4042100815459e-12, 0.017568422481418, 0, 3.2436275887449e-12, 1, -1.0469874967001e-10, 0, -0.017568422481418, 1.0473953648837e-10, 0.99984556436539, 0, -0.018623581156135, -1.5258788721439e-07, -0.027942046523094, 1, },
		{ 0.99971657991409, -1.4597212327772e-12, 0.023804970085621, 0, 4.8383519413164e-12, 1, -1.4185552732471e-10, 0, -0.023804970085621, 1.4193046737887e-10, 0.99971657991409, 0, -0.025715446099639, -1.5258788721439e-07, -0.037573546171188, 1, },
		{ 0.99953877925873, -1.2683187833318e-12, 0.030368002131581, 0, 6.7665872904854e-12, 1, -1.80951892359e-10, 0, -0.030368002131581, 1.8107387811384e-10, 0.99953877925873, 0, -0.033500898629427, -1.5258788721439e-07, -0.047517087310553, 1, },
		{ 0.99931490421295, -8.1223911060566e-13, 0.037008441984653, 0, 8.9790397339584e-12, 1, -2.2050360148906e-10, 0, -0.037008441984653, 2.2068480376447e-10, 0.99931490421295, 0, -0.041796263307333, -1.5258788721439e-07, -0.057328872382641, 1, },
		{ 0.99905431270599, -1.1501910535117e-13, 0.043477430939674, 0, 1.1387334651614e-11, 1, -2.5902849309922e-10, 0, -0.043477430939674, 2.592785985911e-10, 0.99905431270599, 0, -0.050417747348547, -1.5258788721439e-07, -0.066564939916134, 1, },
		{ 0.99877279996872, 7.6338935173226e-13, 0.049526359885931, 0, 1.3866241488358e-11, 1, -2.9504673704217e-10, 0, -0.049526359885931, 2.9537139401015e-10, 0.99877279996872, 0, -0.059181671589613, -1.5258788721439e-07, -0.074781641364098, 1, },
		{ 0.99848824739456, 1.7399415241925e-12, 0.054965883493423, 0, 1.6282086789943e-11, 1, -3.2743216471509e-10, 0, -0.054965883493423, 3.2783209480414e-10, 0.99848824739456, 0, -0.067935064435005, -1.5258788721439e-07, -0.081646800041199, 1, },
		{ 0.99820780754089, 2.7662314713156e-12, 0.059842482209206, 0, 1.8598456108521e-11, 1, -3.5646277596335e-10, 0, -0.059842482209206, 3.5693684119487e-10, 0.99820780754089, 0, -0.076651535928249, -1.5258788721439e-07, -0.087219692766666, 1, },
		{ 0.99793308973312, 3.8196108602395e-12, 0.06426153331995, 0, 2.082067851461e-11, 1, -3.8276681824101e-10, 0, -0.06426153331995, 3.8331360308064e-10, 0.99793308973312, 0, -0.085336722433567, -1.5258788721439e-07, -0.091644130647182, 1, },
		{ 0.99766290187836, 4.8916422128176e-12, 0.06832829117775, 0, 2.2969180377141e-11, 1, -4.0697159531256e-10, 0, -0.06832829117775, 4.0758979524824e-10, 0.99766290187836, 0, -0.093996159732342, -1.5258788721439e-07, -0.095063783228397, 1, },
		{ 0.99739384651184, 5.9898748287768e-12, 0.07214792072773, 0, 2.5077717680233e-11, 1, -4.2970349500848e-10, 0, -0.07214792072773, 4.3039288799562e-10, 0.99739384651184, 0, -0.10263556987047, -1.5258788721439e-07, -0.097622141242027, 1, },
		{ 0.99712097644806, 7.1298522641428e-12, 0.075825497508049, 0, 2.7190248316766e-11, 1, -4.5158812800317e-10, 0, -0.075825497508049, 4.5234971324248e-10, 0.99712097644806, 0, -0.11127322912216, -1.5258788721439e-07, -0.099176712334156, 1, },
		{ 0.99683755636215, 8.3382190041448e-12, 0.079465948045254, 0, 2.9361846287657e-11, 1, -4.7324999474796e-10, 0, -0.079465948045254, 4.7408660330817e-10, 0.99683755636215, 0, -0.11987674236298, -1.5258788721439e-07, -0.10072974860668, 1, },
		{ 0.99653500318527, 9.6509467084616e-12, 0.083174146711826, 0, 3.1656007676295e-11, 1, -4.9531323487173e-10, 0, -0.083174146711826, 4.9622989051201e-10, 0.99653500318527, 0, -0.12851741909981, -1.5258788721439e-07, -0.10094390809536, 1, },
		{ 0.99620342254639, 1.1113332476498e-11, 0.087054781615734, 0, 3.4145131166952e-11, 1, -5.1840048920226e-10, 0, -0.087054781615734, 5.1940485246149e-10, 0.99620342254639, 0, -0.13714790344238, -1.5258788721439e-07, -0.10115753114223, 1, },
		{ 0.99583148956299, 1.2781331548695e-11, 0.091212414205074, 0, 3.6913139211947e-11, 1, -5.4313348263335e-10, 0, -0.091212414205074, 5.4423626716371e-10, 0.99583148956299, 0, -0.1457801014185, -1.5258788721439e-07, -0.10137122869492, 1, },
		{ 0.99540883302689, 1.4705126005765e-11, 0.095714509487152, 0, 4.0027536840626e-11, 1, -5.6991300567688e-10, 0, -0.095714509487152, 5.7112753415467e-10, 0.99540883302689, 0, -0.15442244708538, -1.5258788721439e-07, -0.10158538818359, 1, },
		{ 0.99493896961212, 1.6874945885093e-11, 0.10048093646765, 0, 4.3459014165137e-11, 1, -5.9826177345457e-10, 0, -0.10048093646765, 5.9960064691111e-10, 0.99493896961212, 0, -0.16306857764721, -1.5258788721439e-07, -0.10179969668388, 1, },
		{ 0.99443048238754, 1.9256152228309e-11, 0.10539478063583, 0, 4.7140069625584e-11, 1, -6.2748417573033e-10, 0, -0.10539478063583, 6.2895760821746e-10, 0.99443048238754, 0, -0.1717814207077, -1.5258788721439e-07, -0.10036773234606, 1, },
		{ 0.99389392137527, 2.179989522233e-11, 0.11033937335014, 0, 5.0992099431824e-11, 1, -6.5688615658033e-10, 0, -0.11033937335014, 6.5850153108116e-10, 0.99389392137527, 0, -0.18050773441792, -1.5258788721439e-07, -0.098264008760452, 1, },
		{ 0.99334251880646, 2.4444002377777e-11, 0.11519822478294, 0, 5.4921844849787e-11, 1, -6.857751588818e-10, 0, -0.11519822478294, 6.8753636117691e-10, 0.99334251880646, 0, -0.1892361342907, -1.5258788721439e-07, -0.09551963955164, 1, },
		{ 0.99279135465622, 2.7112976794252e-11, 0.11985515058041, 0, 5.882272446911e-11, 1, -7.1346051289112e-10, 0, -0.11985515058041, 7.1536754298052e-10, 0.99279135465622, 0, -0.19795516133308, -1.5258788721439e-07, -0.092166364192963, 1, },
		{ 0.99225789308548, 2.9719338101586e-11, 0.12419420480728, 0, 6.2576610559972e-11, 1, -7.3925354726612e-10, 0, -0.12419420480728, 7.413017422131e-10, 0.99225789308548, 0, -0.20665335655212, -1.5258788721439e-07, -0.088234938681126, 1, },
		{ 0.99176120758057, 3.2162716934181e-11, 0.12809976935387, 0, 6.6053384983888e-11, 1, -7.6246753355491e-10, 0, -0.12809976935387, 7.6464701237455e-10, 0.99176120758057, 0, -0.21531930565834, -1.5258788721439e-07, -0.083757169544697, 1, },
		{ 0.99132192134857, 3.4336977705607e-11, 0.1314562857151, 0, 6.9115824175014e-11, 1, -7.8241640943943e-10, 0, -0.1314562857151, 7.8471223963206e-10, 0.99132192134857, 0, -0.22394153475761, -1.5258788721439e-07, -0.078764110803604, 1, },
		{ 0.99096119403839, 3.6131542202611e-11, 0.13414856791496, 0, 7.1622256736514e-11, 1, -7.9841644406997e-10, 0, -0.13414856791496, 8.0080769793156e-10, 0.99096119403839, 0, -0.23250865936279, -1.5258788721439e-07, -0.07328712195158, 1, },
		{ 0.99069488048553, 3.7460701207692e-11, 0.13610148429871, 0, 7.3468342520755e-11, 1, -8.1002193841329e-10, 0, -0.13610148429871, 8.1248358041464e-10, 0.99069488048553, 0, -0.24098618328571, -1.5258788721439e-07, -0.067356035113335, 1, },
		{ 0.99051547050476, 3.8358205500799e-11, 0.13740122318268, 0, 7.4709571862286e-11, 1, -8.177454269287e-10, 0, -0.13740122318268, 8.2025453096435e-10, 0.99051547050476, 0, -0.24924792349339, -1.5258788721439e-07, -0.060994412750006, 1, },
		{ 0.99040800333023, 3.8896441623137e-11, 0.13817378878593, 0, 7.5452526171471e-11, 1, -8.2233603260207e-10, 0, -0.13817378878593, 8.2487366936945e-10, 0.99040800333023, 0, -0.257144510746, -1.5258788721439e-07, -0.054224014282227, 1, },
		{ 0.99035614728928, 3.915667790011e-11, 0.1385450810194, 0, 7.5810469013504e-11, 1, -8.2454243433006e-10, 0, -0.1385450810194, 8.2709367132949e-10, 0.99035614728928, 0, -0.2645266354084, -1.5258788721439e-07, -0.047066953033209, 1, },
		{ 0.99034261703491, 3.9223735370797e-11, 0.13864091038704, 0, 7.5903283658363e-11, 1, -8.2511186771939e-10, 0, -0.13864091038704, 8.276667684548e-10, 0.99034261703491, 0, -0.27124506235123, -1.5258788721439e-07, -0.039545439183712, 1, },
		{ 0.99043279886246, 3.8772096644379e-11, 0.13799604773521, 0, 7.5281114675363e-11, 1, -8.2127993294989e-10, 0, -0.13799604773521, 8.2381096389028e-10, 0.99043279886246, 0, -0.27715048193932, -1.5258788721439e-07, -0.031681213527918, 1, },
		{ 0.99068945646286, 3.7487790649493e-11, 0.13614077866077, 0, 7.3505646014382e-11, 1, -8.1025525178191e-10, 0, -0.13614077866077, 8.127184480955e-10, 0.99068945646286, 0, -0.28209361433983, -1.5258788721439e-07, -0.023496245965362, 1, },
		{ 0.99108999967575, 3.5489833294378e-11, 0.13319356739521, 0, 7.0728305157086e-11, 1, -7.9274098396809e-10, 0, -0.13319356739521, 7.9509809847167e-10, 0.99108999967575, 0, -0.28592517971992, -1.5258788721439e-07, -0.015012588351965, 1, },
		{ 0.99160903692245, 3.2915004055667e-11, 0.12927262485027, 0, 6.711564637385e-11, 1, -7.6943840188193e-10, 0, -0.12927262485027, 7.7165818179736e-10, 0.99160903692245, 0, -0.28849586844444, -1.5258788721439e-07, -0.0062522888183594, 1, },
		{ 0.99222010374069, 2.9904523302093e-11, 0.12449610233307, 0, 6.2842175907463e-11, 1, -7.4104800074082e-10, 0, -0.12449610233307, 7.4310618769502e-10, 0.99222010374069, 0, -0.28965637087822, -1.5258788721439e-07, 0.0027627563104033, 1, },
		{ 0.9928976893425, 2.6596501043197e-11, 0.11897078901529, 0, 5.8071766145806e-11, 1, -7.0820321829146e-10, 0, -0.11897078901529, 7.1008210422718e-10, 0.9928976893425, 0, -0.28990483283997, -1.5258788721439e-07, 0.011980133131146, 1, },
		{ 0.99362248182297, 2.3097967982721e-11, 0.11275798082352, 0, 5.2930104743609e-11, 1, -6.7126670888484e-10, 0, -0.11275798082352, 6.7295385930422e-10, 0.99362248182297, 0, -0.290158867836, -1.5258788721439e-07, 0.021322326734662, 1, },
		{ 0.99437588453293, 1.9513279880812e-11, 0.10590778291225, 0, 4.7532644487092e-11, 1, -6.3053479104624e-10, 0, -0.10590778291225, 6.320226564327e-10, 0.99437588453293, 0, -0.29041668772697, -1.5258788721439e-07, 0.030750731006265, 1, },
		{ 0.9951399564743, 1.5943244988104e-11, 0.098470479249954, 0, 4.1994848570814e-11, 1, -5.8630467147935e-10, 0, -0.098470479249954, 5.8759047627532e-10, 0.9951399564743, 0, -0.29067665338516, -1.5258788721439e-07, 0.040227200835943, 1, },
		{ 0.99589675664902, 1.2486900402564e-11, 0.090496547520161, 0, 3.6428637884001e-11, 1, -5.3887505568895e-10, 0, -0.090496547520161, 5.3996057625127e-10, 0.99589675664902, 0, -0.29093706607819, -1.5258788721439e-07, 0.049713362008333, 1, },
		{ 0.99662935733795, 9.2392751435688e-12, 0.082036703824997, 0, 3.0943692053143e-11, 1, -4.8854587042513e-10, 0, -0.082036703824997, 4.8943754604736e-10, 0.99662935733795, 0, -0.29077234864235, -1.5258788721439e-07, 0.059189449995756, 1, },
		{ 0.99732148647308, 6.2896350454256e-12, 0.073142014443874, 0, 2.5640822798323e-11, 1, -4.3561934615077e-10, 0, -0.073142014443874, 4.3632791824066e-10, 0.99732148647308, 0, -0.29037353396416, -1.5258788721439e-07, 0.068608701229095, 1, },
		{ 0.99795860052109, 3.7196907880233e-12, 0.063863821327686, 0, 2.0615953388869e-11, 1, -3.8039957295233e-10, 0, -0.063863821327686, 3.8093955767593e-10, 0.99795860052109, 0, -0.28970029950142, -1.5258788721439e-07, 0.077934488654137, 1, },
		{ 0.9985271692276, 1.6022737607188e-12, 0.054253723472357, 0, 1.5955679485979e-11, 1, -3.2319241727308e-10, 0, -0.054253723472357, 3.2358202228799e-10, 0.9985271692276, 0, -0.28871244192123, -1.5258788721439e-07, 0.087129898369312, 1, },
		{ 0.99901539087296, 0, 0.044363629072905, 0, 1.1737276948975e-11, 1, -2.6430566069102e-10, 0, -0.044363629072905, 2.6456609125702e-10, 0.99901539087296, 0, -0.28736972808838, -1.5258788721439e-07, 0.096158519387245, 1, },
		{ 0.99941325187683, -1.0333954829009e-12, 0.034252166748047, 0, 8.0282447356694e-12, 1, -2.0408737200217e-10, 0, -0.034252166748047, 2.042425950588e-10, 0.99941325187683, 0, -0.28532168269157, -1.5258788721439e-07, 0.10499816387892, 1, },
		{ 0.99971181154251, -1.4579447675175e-12, 0.024004068225622, 0, 4.8925308249181e-12, 1, -1.4304163409307e-10, 0, -0.024004068225622, 1.4311785090371e-10, 0.99971181154251, 0, -0.28229680657387, -1.5258788721439e-07, 0.11362754553556, 1, },
		{ 0.99990600347519, -1.2536638394067e-12, 0.013710724189878, 0, 2.3741009158584e-12, 1, -8.1712345223472e-11, 0, -0.013710724189878, 8.1737186463648e-11, 0.99990600347519, 0, -0.27837321162224, -1.5258788721439e-07, 0.12201034277678, 1, },
		{ 0.99999392032623, -4.2232883856741e-13, 0.0034636631608009, 0, 4.9427129056312e-13, 1, -2.0644872963937e-11, 0, -0.0034636631608009, 2.0646456766471e-11, 0.99999392032623, 0, -0.2736291885376, -1.5258788721439e-07, 0.13011069595814, 1, },
		{ 0.99997788667679, 1.0107470416187e-12, -0.0066456086933613, 0, -7.4740214017766e-13, 1, 3.9615030006379e-11, 0, 0.0066456086933613, -3.9609204804947e-11, 0.99997788667679, 0, -0.26814296841621, -1.5258788721439e-07, 0.13789238035679, 1, },
		{ 0.99986344575882, 2.9998223956967e-12, -0.01652561686933, 0, -1.3717915692268e-12, 1, 9.8521399372054e-11, 0, 0.01652561686933, -9.8485268551496e-11, 0.99986344575882, 0, -0.26199278235435, -1.5258788721439e-07, 0.14531913399696, 1, },
		{ 0.99965965747833, 5.4787285819202e-12, -0.026085037738085, 0, -1.4219736499399e-12, 1, 1.5552861776236e-10, 0, 0.026085037738085, -1.5543857867506e-10, 0.99965965747833, 0, -0.25525677204132, -1.5258788721439e-07, 0.1523551940918, 1, },
		{ 0.99937903881073, 8.3608666864854e-12, -0.035232819616795, 0, -9.5967667406577e-13, 1, 2.1009247119785e-10, 0, 0.035232819616795, -2.0992818594578e-10, 0.99937903881073, 0, -0.24801315367222, -1.5258788721439e-07, 0.15896415710449, 1, },
		{ 0.99903678894043, 1.1544987188472e-11, -0.043878171592951, 0, -6.3504757008559e-14, 1, 2.6166965816365e-10, 0, 0.043878171592951, -2.6141483422393e-10, 0.99903678894043, 0, -0.24034026265144, -1.5258788721439e-07, 0.16511017084122, 1, },
		{ 0.99865067005157, 1.4912069842832e-11, -0.051930639892817, 0, 1.1732836924239e-12, 1, 3.0971863962392e-10, 0, 0.051930639892817, -3.0936164741036e-10, 0.99865067005157, 0, -0.23231612145901, -1.5258788721439e-07, 0.17075683176517, 1, },
		{ 0.99823951721191, 1.8339552099178e-11, -0.059312056750059, 0, 2.6481037414955e-12, 1, 3.5377101248457e-10, 0, 0.059312056750059, -3.5330521841459e-10, 0.99823951721191, 0, -0.22401130199432, -1.5258788721439e-07, 0.17587561905384, 1, },
		{ 0.99782013893127, 2.1722623699816e-11, -0.065992370247841, 0, 4.2641445929803e-12, 1, 3.9364553283683e-10, 0, 0.065992370247841, -3.9306877197554e-10, 0.99782013893127, 0, -0.2154646217823, -1.5258788721439e-07, 0.18046675622463, 1, },
		{ 0.99740791320801, 2.49680276454e-11, -0.071953624486923, 0, 5.9321436651771e-12, 1, 4.2923295473507e-10, 0, 0.071953624486923, -4.2854714221718e-10, 0.99740791320801, 0, -0.20670717954636, -1.5258788721439e-07, 0.18453788757324, 1, },
		{ 0.99701732397079, 2.7987388448447e-11, -0.077177993953228, 0, 7.5695005818943e-12, 1, 4.6042522572343e-10, 0, 0.077177993953228, -4.5963616246425e-10, 0.99701732397079, 0, -0.19777031242847, -1.5258788721439e-07, 0.18809668719769, 1, },
		{ 0.99666118621826, 3.0701215875117e-11, -0.081647753715515, 0, 9.1007201774573e-12, 1, 4.8711495947984e-10, 0, 0.081647753715515, -4.862316105303e-10, 0.99666118621826, 0, -0.18868482112885, -1.5258788721439e-07, 0.19115088880062, 1, },
		{ 0.99635142087936, 3.3037128588376e-11, -0.085345014929771, 0, 1.0458300891969e-11, 1, 5.0919396477056e-10, 0, 0.085345014929771, -5.0822873687295e-10, 0.99635142087936, 0, -0.17948211729527, -1.5258788721439e-07, 0.19370810687542, 1, },
		{ 0.99609810113907, 3.4931165598939e-11, -0.088252052664757, 0, 1.1583622949729e-11, 1, 5.2655524385159e-10, 0, 0.088252052664757, -5.2552295848329e-10, 0.99609810113907, 0, -0.17018233239651, -1.5258788721439e-07, 0.19553428888321, 1, },
		{ 0.99590998888016, 3.6330494168624e-11, -0.090350933372974, 0, 1.2427392448444e-11, 1, 5.3909088304493e-10, 0, 0.090350933372974, -5.3800880417398e-10, 0.99590998888016, 0, -0.16084888577461, -1.5258788721439e-07, 0.19736197590828, 1, },
		{ 0.99579364061356, 3.7192471324943e-11, -0.091623604297638, 0, 1.2952749116335e-11, 1, 5.4669224702764e-10, 0, 0.091623604297638, -5.455794149789e-10, 0.99579364061356, 0, -0.15142627060413, -1.5258788721439e-07, 0.19724608957767, 1, },
		{ 0.99575424194336, 3.7484237935814e-11, -0.09205187112093, 0, 1.3130829756847e-11, 1, 5.4925020087637e-10, 0, 0.09205187112093, -5.4812687722006e-10, 0.99575424194336, 0, -0.14203135669231, -1.5258788721439e-07, 0.19712898135185, 1, },
		{ 0.99576282501221, 3.7420289089596e-11, -0.091958671808243, 0, 1.309219399559e-11, 1, 5.4869353505183e-10, 0, 0.091958671808243, -5.4757248735271e-10, 0.99576282501221, 0, -0.13269279897213, -1.5258788721439e-07, 0.19700942933559, 1, },
		{ 0.99577140808105, 3.735678086314e-11, -0.091865479946136, 0, 1.3053114145123e-11, 1, 5.4813692473843e-10, 0, 0.091865479946136, -5.4701815299651e-10, 0.99577140808105, 0, -0.1234302520752, -1.5258788721439e-07, 0.19688636064529, 1, },
		{ 0.9957799911499, 3.7293723664789e-11, -0.091772273182869, 0, 1.3014033427294e-11, 1, 5.4758020340273e-10, 0, 0.091772273182869, -5.4646370761802e-10, 0.9957799911499, 0, -0.11426162719727, -1.5258788721439e-07, 0.19675925374031, 1, },
		{ 0.99578863382339, 3.722977481857e-11, -0.091679058969021, 0, 1.2975398533399e-11, 1, 5.4702353757818e-10, 0, 0.091679058969021, -5.4590931775067e-10, 0.99578863382339, 0, -0.10511092841625, -1.5258788721439e-07, 0.19452491402626, 1, },
		{ 0.99582123756409, 3.6988634377622e-11, -0.091323748230934, 0, 1.2827516826519e-11, 1, 5.4490129075546e-10, 0, 0.091323748230934, -5.4379567515639e-10, 0.99582123756409, 0, -0.096061743795872, -1.5258788721439e-07, 0.19166335463524, 1, },
		{ 0.99586963653564, 3.6629366206853e-11, -0.090793579816818, 0, 1.2609024935273e-11, 1, 5.4173476815578e-10, 0, 0.090793579816818, -5.4064197563264e-10, 0.99586963653564, 0, -0.0871342420578, -1.5258788721439e-07, 0.18823310732841, 1, },
		{ 0.99593681097031, 3.6130654024191e-11, -0.090053647756577, 0, 1.2306600183365e-11, 1, 5.3731541438395e-10, 0, 0.090053647756577, -5.3624038542921e-10, 0.99593681097031, 0, -0.078348733484745, -1.5258788721439e-07, 0.18429221212864, 1, },
		{ 0.99602544307709, 3.5472957904403e-11, -0.089068993926048, 0, 1.1908696251339e-11, 1, 5.3143439648906e-10, 0, 0.089068993926048, -5.3038290426244e-10, 0.99602544307709, 0, -0.069725565612316, -1.5258788721439e-07, 0.17989867925644, 1, },
		{ 0.9961376786232, 3.4636293833046e-11, -0.087804451584816, 0, 1.1406431354999e-11, 1, 5.238821598752e-10, 0, 0.087804451584816, -5.2286019958103e-10, 0.9961376786232, 0, -0.061284750699997, -1.5258788721439e-07, 0.17511023581028, 1, },
		{ 0.9962757229805, 3.3605118687774e-11, -0.086225107312202, 0, 1.0793587378044e-11, 1, 5.1444998261374e-10, 0, 0.086225107312202, -5.1346454865708e-10, 0.9962757229805, 0, -0.053046721965075, -1.5258788721439e-07, 0.16998580098152, 1, },
		{ 0.99644297361374, 3.2349234402318e-11, -0.084269858896732, 0, 1.0055067889425e-11, 1, 5.0277343399685e-10, 0, 0.084269858896732, -5.0183229793888e-10, 0.99644297361374, 0, -0.045046348124743, -1.5258788721439e-07, 0.16456168889999, 1, },
		{ 0.99664062261581, 3.0857538746432e-11, -0.081899136304855, 0, 9.190426197847e-12, 1, 4.8861614754259e-10, 0, 0.081899136304855, -4.8772735850022e-10, 0.99664062261581, 0, -0.037376783788204, -1.5258788721439e-07, 0.15879073739052, 1, },
		{ 0.99686586856842, 2.914557484246e-11, -0.079109787940979, 0, 8.2165376932841e-12, 1, 4.7195986008219e-10, 0, 0.079109787940979, -4.7113085654971e-10, 0.99686586856842, 0, -0.030145758762956, -1.5258788721439e-07, 0.15260383486748, 1, },
		{ 0.99711549282074, 2.7233326704845e-11, -0.075898624956608, 0, 7.1538330814747e-12, 1, 4.5278641946922e-10, 0, 0.075898624956608, -4.5202330767324e-10, 0.99711549282074, 0, -0.023461112752557, -1.5258788721439e-07, 0.1459323912859, 1, },
		{ 0.99738556146622, 2.5141666526451e-11, -0.072262585163116, 0, 6.0240696979352e-12, 1, 4.3107747926818e-10, 0, 0.072262585163116, -4.3038583807942e-10, 0.99738556146622, 0, -0.017430610954762, -1.5258788721439e-07, 0.13870765268803, 1, },
		{ 0.99767178297043, 2.2899016016709e-11, -0.068198502063751, 0, 4.8565595989203e-12, 1, 4.0681508162166e-10, 0, 0.068198502063751, -4.061991298876e-10, 0.99767178297043, 0, -0.012162094004452, -1.5258788721439e-07, 0.13086074590683, 1, },
		{ 0.99796885251999, 2.0533352795837e-11, -0.063703179359436, 0, 3.6797231928176e-12, 1, 3.7998076907186e-10, 0, 0.063703179359436, -3.7944339337237e-10, 0.99796885251999, 0, -0.0077631757594645, -1.5258788721439e-07, 0.12232299894094, 1, },
		{ 0.99827134609222, 1.8078427643786e-11, -0.058773379772902, 0, 2.529532139306e-12, 1, 3.5055594538314e-10, 0, 0.058773379772902, -3.5009867227487e-10, 0.99827134609222, 0, -0.0043419264256954, -1.5258788721439e-07, 0.11302558332682, 1, },
		{ 0.9985728263855, 1.5571099964973e-11, -0.053406089544296, 0, 1.4419575559629e-12, 1, 3.1852356863205e-10, 0, 0.053406089544296, -3.1814595402579e-10, 0.9985728263855, 0, -0.0020058823283762, -1.5258788721439e-07, 0.10289993137121, 1, },
		{ 0.99886655807495, 1.3051781877493e-11, -0.047598119825125, 0, 4.5963233219481e-13, 1, 2.8386543116099e-10, 0, 0.047598119825125, -2.8356561543319e-10, 0.99886655807495, 0, -0.0017192077357322, -1.5258788721439e-07, 0.09183906018734, 1, },
		{ 0.99914342164993, 1.0579537246258e-11, -0.041381735354662, 0, -3.681499549657e-13, 1, 2.4677515586546e-10, 0, 0.041381735354662, -2.4654855934614e-10, 0.99914342164993, 0, -0.0013957214541733, -1.5258788721439e-07, 0.079951092600822, 1, },
		{ 0.99938976764679, 8.2578388571619e-12, -0.034930638968945, 0, -9.8321351060804e-13, 1, 2.0828991309507e-10, 0, 0.034930638968945, -2.0812843115614e-10, 0.99938976764679, 0, -0.0010503005469218, -1.5258788721439e-07, 0.067567750811577, 1, },
		{ 0.9995950460434, 6.1772804753335e-12, -0.028454035520554, 0, -1.350475287154e-12, 1, 1.6965800986313e-10, 0, 0.028454035520554, -1.6955085946346e-10, 0.9995950460434, 0, -0.00070114136906341, -1.5258788721439e-07, 0.055100552737713, 1, },
		{ 0.99975436925888, 4.3951509098861e-12, -0.022161362692714, 0, -1.4677148385545e-12, 1, 1.3212853033906e-10, 0, 0.022161362692714, -1.3206351290318e-10, 0.99975436925888, 0, -0.00036651609116234, -1.5258788721439e-07, 0.042960431426764, 1, },
		{ 0.99986773729324, 2.9389823907877e-12, -0.016262112185359, 0, -1.3633538742397e-12, 1, 9.6950190930922e-11, 0, 0.016262112185359, -9.6915205027859e-11, 0.99986773729324, 0, -6.4620973716956e-05, -1.5258788721439e-07, 0.031558685004711, 1, },
		{ 0.99993979930878, 1.8087753517193e-12, -0.010965935885906, 0, -1.0920153670213e-12, 1, 6.5371950908055e-11, 0, 0.010965935885906, -6.5356067779909e-11, 0.99993979930878, 0, 0.00018615722365212, -1.5258788721439e-07, 0.021306151524186, 1, },
		{ 0.99997889995575, 9.8232533218834e-13, -0.0064822509884834, 0, -7.3230310704275e-13, 1, 3.8641170124754e-11, 0, 0.0064822509884834, -3.8635636356865e-11, 0.99997889995575, 0, 0.00028926850063726, -1.5258788721439e-07, 0.012610854580998, 1, },
		{ 0.99999541044235, 4.2676970356086e-13, -0.0030204989016056, 0, -3.7259081995915e-13, 1, 1.8004694957163e-11, 0, 0.0030204989016056, -1.8003487589624e-11, 0.99999541044235, 0, 0.00030471800710075, -1.5258788721439e-07, 0.0058872983790934, 1, },
		{ 0.99999970197678, 1.061373143779e-13, -0.00078999245306477, 0, -1.0214051826551e-13, 1, 4.7089276922208e-12, 0, 0.00078999245306477, -4.708843991813e-12, 0.99999970197678, 0, 0.00021438597468659, -1.5258788721439e-07, 0.001546707120724, 1, },
		{ 1, 0, -3.7252902984619e-09, 0, 0, 1, 1.3877787807814e-17, 0, 3.7252902984619e-09, -4.1633363423443e-17, 1, 0, 3.8146971803599e-08, -1.5258788721439e-07, 7.6293943607197e-08, 1, },
	},
}
end
