function data()
return {
	times = { 0, 41.667, 83.333, 125, 166.667, 208.333, 250, 291.667, 333.333, 375, 416.667, 458.333, 500, 541.667, 583.333, 625, 666.667, 708.333, 750, 791.667, 833.333, 875, 916.667, 958.333, 1000, 1041.667, 1083.333, 1125, 1166.667, 1208.333, 1250, 1291.667, 1333.333, 1375, 1458.333, 1500, 1541.667, 1583.333, 1625, 1666.667, 1708.333, 1750, 1791.667, 1833.333, 1875, 1916.667, 1958.333, 2000, 2041.667, 2083.333, 2125, 2166.667, 2208.333, 2250, 2291.667, 2333.333, 2375, 2416.667, 2458.333, 2500, 2541.667, 2583.333, 2625, 2666.667, 2708.333, 2750, 2791.667, 2833.333, 2875, 2916.667, 2958.333, 3000, 3041.667, 3083.333, 3166.667, 3208.333, 3250, 3291.667, 3333.333, 3375, 3416.667, 3458.333, 3500, 3541.667, 3583.333, 3625, 3666.667, 3708.333, 3750, 3791.667, 3833.333, 3875, 3916.667, 3958.333, 4000, 4041.667, 4083.333, 4125, 4166.667, },
	transfs = {
		{ 1, 0, 0, 0, 0, 1, 0, 0, 0, 0, 1, 0, 0, 0, 0, 1, },
		{ 0.99995911121368, 0, -0.0090433964505792, 0, 0, 1, 0, 0, 0.0090433964505792, 0, 0.99995911121368, 0, 0, 0, 0, 1, },
		{ 0.99945122003555, 0, -0.033123020082712, 0, 0, 1, 0, 0, 0.033123020082712, 0, 0.99945122003555, 0, 0, 0, 0, 1, },
		{ 0.99770992994308, 0, -0.067637510597706, 0, 0, 1, 0, 0, 0.067637510597706, 0, 0.99770992994308, 0, 0, 0, 0, 1, },
		{ 0.99415677785873, 0, -0.10794562101364, 0, 0, 1, 0, 0, 0.10794562101364, 0, 0.99415677785873, 0, 0, 0, 0, 1, },
		{ 0.98877650499344, 0, -0.14940167963505, 0, 0, 1, 0, 0, 0.14940167963505, 0, 0.98877650499344, 0, 0, 0, 0, 1, },
		{ 0.9821150302887, 0, -0.18828170001507, 0, 0, 1, 0, 0, 0.18828170001507, 0, 0.9821150302887, 0, 0, 0, 0, 1, },
		{ 0.97450596094131, 0, -0.22436133027077, 0, 0, 1, 0, 0, 0.22436133027077, 0, 0.97450596094131, 0, 0, 0, 0, 1, },
		{ 0.96606957912445, 0, -0.25828197598457, 0, 0, 1, 0, 0, 0.25828197598457, 0, 0.96606957912445, 0, 0, 0, 0, 1, },
		{ 0.9568213224411, 0, -0.2906765639782, 0, 0, 1, 0, 0, 0.2906765639782, 0, 0.9568213224411, 0, 0, 0, 0, 1, },
		{ 0.94668430089951, 0, -0.32216277718544, 0, 0, 1, 0, 0, 0.32216277718544, 0, 0.94668430089951, 0, 0, 0, 0, 1, },
		{ 0.93551117181778, 0, -0.35329699516296, 0, 0, 1, 0, 0, 0.35329699516296, 0, 0.93551117181778, 0, 0, 0, 0, 1, },
		{ 0.92314410209656, 0, -0.38445416092873, 0, 0, 1, 0, 0, 0.38445416092873, 0, 0.92314410209656, 0, 0, 0, 0, 1, },
		{ 0.90938878059387, 0, -0.41594696044922, 0, 0, 1, 0, 0, 0.41594696044922, 0, 0.90938878059387, 0, 0, 0, 0, 1, },
		{ 0.89400273561478, 0, -0.44806146621704, 0, 0, 1, 0, 0, 0.44806146621704, 0, 0.89400273561478, 0, 0, 0, 0, 1, },
		{ 0.87669289112091, 0, -0.48105040192604, 0, 0, 1, 0, 0, 0.48105040192604, 0, 0.87669289112091, 0, 0, 0, 0, 1, },
		{ 0.85725653171539, 0, -0.51488947868347, 0, 0, 1, 0, 0, 0.51488947868347, 0, 0.85725653171539, 0, 0, 0, 0, 1, },
		{ 0.83608144521713, 0, -0.54860532283783, 0, 0, 1, 0, 0, 0.54860532283783, 0, 0.83608144521713, 0, 0, 0, 0, 1, },
		{ 0.81385123729706, 0, -0.58107334375381, 0, 0, 1, 0, 0, 0.58107334375381, 0, 0.81385123729706, 0, 0, 0, 0, 1, },
		{ 0.79141360521317, 0, -0.61128103733063, 0, 0, 1, 0, 0, 0.61128103733063, 0, 0.79141360521317, 0, 0, 0, 0, 1, },
		{ 0.76975798606873, 0, -0.63833582401276, 0, 0, 1, 0, 0, 0.63833582401276, 0, 0.76975798606873, 0, 0, 0, 0, 1, },
		{ 0.74983608722687, 0, -0.66162353754044, 0, 0, 1, 0, 0, 0.66162353754044, 0, 0.74983608722687, 0, 0, 0, 0, 1, },
		{ 0.73204755783081, 0, -0.68125355243683, 0, 0, 1, 0, 0, 0.68125355243683, 0, 0.73204755783081, 0, 0, 0, 0, 1, },
		{ 0.71659713983536, 0, -0.69748729467392, 0, 0, 1, 0, 0, 0.69748729467392, 0, 0.71659713983536, 0, 0, 0, 0, 1, },
		{ 0.7036389708519, 0, -0.71055769920349, 0, 0, 1, 0, 0, 0.71055769920349, 0, 0.7036389708519, 0, 0, 0, 0, 1, },
		{ 0.69328022003174, 0, -0.72066813707352, 0, 0, 1, 0, 0, 0.72066813707352, 0, 0.69328022003174, 0, 0, 0, 0, 1, },
		{ 0.68550586700439, 0, -0.72806710004807, 0, 0, 1, 0, 0, 0.72806710004807, 0, 0.68550586700439, 0, 0, 0, 0, 1, },
		{ 0.67992806434631, 0, -0.73327881097794, 0, 0, 1, 0, 0, 0.73327881097794, 0, 0.67992806434631, 0, 0, 0, 0, 1, },
		{ 0.67603784799576, 0, -0.73686689138412, 0, 0, 1, 0, 0, 0.73686689138412, 0, 0.67603784799576, 0, 0, 0, 0, 1, },
		{ 0.67330193519592, 0, -0.73936760425568, 0, 0, 1, 0, 0, 0.73936760425568, 0, 0.67330193519592, 0, 0, 0, 0, 1, },
		{ 0.67117041349411, 0, -0.74130308628082, 0, 0, 1, 0, 0, 0.74130308628082, 0, 0.67117041349411, 0, 0, 0, 0, 1, },
		{ 0.66920340061188, 0, -0.74307930469513, 0, 0, 1, 0, 0, 0.74307930469513, 0, 0.66920340061188, 0, 0, 0, 0, 1, },
		{ 0.66742503643036, 0, -0.74467700719833, 0, 0, 1, 0, 0, 0.74467700719833, 0, 0.66742503643036, 0, 0, 0, 0, 1, },
		{ 0.66597813367844, 0, -0.74597120285034, 0, 0, 1, 0, 0, 0.74597120285034, 0, 0.66597813367844, 0, 0, 0, 0, 1, },
		{ 0.66464936733246, 0, -0.74715536832809, 0, 0, 1, 0, 0, 0.74715536832809, 0, 0.66464936733246, 0, 0, 0, 0, 1, },
		{ 0.66870421171188, 0, -0.7435285449028, 0, 0, 1, 0, 0, 0.7435285449028, 0, 0.66870421171188, 0, 0, 0, 0, 1, },
		{ 0.67829340696335, 0, -0.73479115962982, 0, 0, 1, 0, 0, 0.73479115962982, 0, 0.67829340696335, 0, 0, 0, 0, 1, },
		{ 0.68958902359009, 0, -0.724200963974, 0, 0, 1, 0, 0, 0.724200963974, 0, 0.68958902359009, 0, 0, 0, 0, 1, },
		{ 0.69892567396164, 0, -0.71519434452057, 0, 0, 1, 0, 0, 0.71519434452057, 0, 0.69892567396164, 0, 0, 0, 0, 1, },
		{ 0.70280611515045, 0, -0.71138149499893, 0, 0, 1, 0, 0, 0.71138149499893, 0, 0.70280611515045, 0, 0, 0, 0, 1, },
		{ 0.69774848222733, 0, -0.7163428068161, 0, 0, 1, 0, 0, 0.7163428068161, 0, 0.69774848222733, 0, 0, 0, 0, 1, },
		{ 0.68554776906967, 0, -0.72802764177322, 0, 0, 1, 0, 0, 0.72802764177322, 0, 0.68554776906967, 0, 0, 0, 0, 1, },
		{ 0.670729637146, 0, -0.74170196056366, 0, 0, 1, 0, 0, 0.74170196056366, 0, 0.670729637146, 0, 0, 0, 0, 1, },
		{ 0.65810424089432, 0, -0.75292682647705, 0, 0, 1, 0, 0, 0.75292682647705, 0, 0.65810424089432, 0, 0, 0, 0, 1, },
		{ 0.65275347232819, 0, -0.75757038593292, 0, 0, 1, 0, 0, 0.75757038593292, 0, 0.65275347232819, 0, 0, 0, 0, 1, },
		{ 0.66192942857742, 0, -0.74956613779068, 0, 0, 1, 0, 0, 0.74956613779068, 0, 0.66192942857742, 0, 0, 0, 0, 1, },
		{ 0.68614315986633, 0, -0.72746646404266, 0, 0, 1, 0, 0, 0.72746646404266, 0, 0.68614315986633, 0, 0, 0, 0, 1, },
		{ 0.720099568367, 0, -0.69387066364288, 0, 0, 1, 0, 0, 0.69387066364288, 0, 0.720099568367, 0, 0, 0, 0, 1, },
		{ 0.75855147838593, 0, -0.65161311626434, 0, 0, 1, 0, 0, 0.65161311626434, 0, 0.75855147838593, 0, 0, 0, 0, 1, },
		{ 0.79679918289185, 0, -0.60424423217773, 0, 0, 1, 0, 0, 0.60424423217773, 0, 0.79679918289185, 0, 0, 0, 0, 1, },
		{ 0.83154964447021, 0, -0.55545043945313, 0, 0, 1, 0, 0, 0.55545043945313, 0, 0.83154964447021, 0, 0, 0, 0, 1, },
		{ 0.86222726106644, 0, -0.50652152299881, 0, 0, 1, 0, 0, 0.50652152299881, 0, 0.86222726106644, 0, 0, 0, 0, 1, },
		{ 0.88891488313675, 0, -0.45807236433029, 0, 0, 1, 0, 0, 0.45807236433029, 0, 0.88891488313675, 0, 0, 0, 0, 1, },
		{ 0.91176748275757, 0, -0.41070672869682, 0, 0, 1, 0, 0, 0.41070672869682, 0, 0.91176748275757, 0, 0, 0, 0, 1, },
		{ 0.93100422620773, 0, -0.3650084733963, 0, 0, 1, 0, 0, 0.3650084733963, 0, 0.93100422620773, 0, 0, 0, 0, 1, },
		{ 0.94693171977997, 0, -0.32143458724022, 0, 0, 1, 0, 0, 0.32143458724022, 0, 0.94693171977997, 0, 0, 0, 0, 1, },
		{ 0.95999956130981, 0, -0.28000146150589, 0, 0, 1, 0, 0, 0.28000146150589, 0, 0.95999956130981, 0, 0, 0, 0, 1, },
		{ 0.97063201665878, 0, -0.24056918919086, 0, 0, 1, 0, 0, 0.24056918919086, 0, 0.97063201665878, 0, 0, 0, 0, 1, },
		{ 0.97918921709061, 0, -0.20294946432114, 0, 0, 1, 0, 0, 0.20294946432114, 0, 0.97918921709061, 0, 0, 0, 0, 1, },
		{ 0.98597091436386, 0, -0.16691692173481, 0, 0, 1, 0, 0, 0.16691692173481, 0, 0.98597091436386, 0, 0, 0, 0, 1, },
		{ 0.99121165275574, 0, -0.13228559494019, 0, 0, 1, 0, 0, 0.13228559494019, 0, 0.99121165275574, 0, 0, 0, 0, 1, },
		{ 0.99507516622543, 0, -0.099123410880566, 0, 0, 1, 0, 0, 0.099123410880566, 0, 0.99507516622543, 0, 0, 0, 0, 1, },
		{ 0.99771553277969, 0, -0.067554801702499, 0, 0, 1, 0, 0, 0.067554801702499, 0, 0.99771553277969, 0, 0, 0, 0, 1, },
		{ 0.9992892742157, 0, -0.037693403661251, 0, 0, 1, 0, 0, 0.037693403661251, 0, 0.9992892742157, 0, 0, 0, 0, 1, },
		{ 0.99995350837708, 0, -0.0096427956596017, 0, 0, 1, 0, 0, 0.0096427956596017, 0, 0.99995350837708, 0, 0, 0, 0, 1, },
		{ 0.99986511468887, 0, 0.016423629596829, 0, 0, 1, 0, 0, -0.016423629596829, 0, 0.99986511468887, 0, 0, 0, 0, 1, },
		{ 0.99919867515564, 0, 0.040024526417255, 0, 0, 1, 0, 0, -0.040024526417255, 0, 0.99919867515564, 0, 0, 0, 0, 1, },
		{ 0.99816155433655, 0, 0.060608964413404, 0, 0, 1, 0, 0, -0.060608964413404, 0, 0.99816155433655, 0, 0, 0, 0, 1, },
		{ 0.99698173999786, 0, 0.077635407447815, 0, 0, 1, 0, 0, -0.077635407447815, 0, 0.99698173999786, 0, 0, 0, 0, 1, },
		{ 0.99589002132416, 0, 0.090569853782654, 0, 0, 1, 0, 0, -0.090569853782654, 0, 0.99589002132416, 0, 0, 0, 0, 1, },
		{ 0.99505966901779, 0, 0.099278464913368, 0, 0, 1, 0, 0, -0.099278464913368, 0, 0.99505966901779, 0, 0, 0, 0, 1, },
		{ 0.99451887607574, 0, 0.10455705970526, 0, 0, 1, 0, 0, -0.10455705970526, 0, 0.99451887607574, 0, 0, 0, 0, 1, },
		{ 0.99423027038574, 0, 0.1072665527463, 0, 0, 1, 0, 0, -0.1072665527463, 0, 0.99423027038574, 0, 0, 0, 0, 1, },
		{ 0.99412202835083, 0, 0.10826461017132, 0, 0, 1, 0, 0, -0.10826461017132, 0, 0.99412202835083, 0, 0, 0, 0, 1, },
		{ 0.99411636590958, 0, 0.10831733047962, 0, 0, 1, 0, 0, -0.10831733047962, 0, 0.99411636590958, 0, 0, 0, 0, 1, },
		{ 0.99418461322784, 0, 0.10768841207027, 0, 0, 1, 0, 0, -0.10768841207027, 0, 0.99418461322784, 0, 0, 0, 0, 1, },
		{ 0.99436807632446, 0, 0.10598117858171, 0, 0, 1, 0, 0, -0.10598117858171, 0, 0.99436807632446, 0, 0, 0, 0, 1, },
		{ 0.99471694231033, 0, 0.10265563428402, 0, 0, 1, 0, 0, -0.10265563428402, 0, 0.99471694231033, 0, 0, 0, 0, 1, },
		{ 0.9952677488327, 0, 0.097170501947403, 0, 0, 1, 0, 0, -0.097170501947403, 0, 0.9952677488327, 0, 0, 0, 0, 1, },
		{ 0.99605071544647, 0, 0.088786125183105, 0, 0, 1, 0, 0, -0.088786125183105, 0, 0.99605071544647, 0, 0, 0, 0, 1, },
		{ 0.99695986509323, 0, 0.077915921807289, 0, 0, 1, 0, 0, -0.077915921807289, 0, 0.99695986509323, 0, 0, 0, 0, 1, },
		{ 0.99783605337143, 0, 0.065750047564507, 0, 0, 1, 0, 0, -0.065750047564507, 0, 0.99783605337143, 0, 0, 0, 0, 1, },
		{ 0.99856871366501, 0, 0.053483229130507, 0, 0, 1, 0, 0, -0.053483229130507, 0, 0.99856871366501, 0, 0, 0, 0, 1, },
		{ 0.99910432100296, 0, 0.042314071208239, 0, 0, 1, 0, 0, -0.042314071208239, 0, 0.99910432100296, 0, 0, 0, 0, 1, },
		{ 0.99944919347763, 0, 0.03318402916193, 0, 0, 1, 0, 0, -0.03318402916193, 0, 0.99944919347763, 0, 0, 0, 0, 1, },
		{ 0.99966198205948, 0, 0.025997865945101, 0, 0, 1, 0, 0, -0.025997865945101, 0, 0.99966198205948, 0, 0, 0, 0, 1, },
		{ 0.99979192018509, 0, 0.020399775356054, 0, 0, 1, 0, 0, -0.020399775356054, 0, 0.99979192018509, 0, 0, 0, 0, 1, },
		{ 0.99987143278122, 0, 0.01603315398097, 0, 0, 1, 0, 0, -0.01603315398097, 0, 0.99987143278122, 0, 0, 0, 0, 1, },
		{ 0.99992138147354, 0, 0.012540915049613, 0, 0, 1, 0, 0, -0.012540915049613, 0, 0.99992138147354, 0, 0, 0, 0, 1, },
		{ 0.99995368719101, 0, 0.0096186976879835, 0, 0, 1, 0, 0, -0.0096186976879835, 0, 0.99995368719101, 0, 0, 0, 0, 1, },
		{ 0.99997425079346, 0, 0.0071736974641681, 0, 0, 1, 0, 0, -0.0071736974641681, 0, 0.99997425079346, 0, 0, 0, 0, 1, },
		{ 0.99998664855957, 0, 0.0051659867167473, 0, 0, 1, 0, 0, -0.0051659867167473, 0, 0.99998664855957, 0, 0, 0, 0, 1, },
		{ 0.99999362230301, 0, 0.0035556259099394, 0, 0, 1, 0, 0, -0.0035556259099394, 0, 0.99999362230301, 0, 0, 0, 0, 1, },
		{ 0.99999737739563, 0, 0.0023026554845273, 0, 0, 1, 0, 0, -0.0023026554845273, 0, 0.99999737739563, 0, 0, 0, 0, 1, },
		{ 0.99999904632568, 0, 0.0013671208871529, 0, 0, 1, 0, 0, -0.0013671208871529, 0, 0.99999904632568, 0, 0, 0, 0, 1, },
		{ 0.99999970197678, 0, 0.00070905464235693, 0, 0, 1, 0, 0, -0.00070905464235693, 0, 0.99999970197678, 0, 0, 0, 0, 1, },
		{ 0.99999988079071, 0, 0.00028849093359895, 0, 0, 1, 0, 0, -0.00028849093359895, 0, 0.99999988079071, 0, 0, 0, 0, 1, },
		{ 1, 0, 6.5461703343317e-05, 0, 0, 1, 0, 0, -6.5461703343317e-05, 0, 1, 0, 0, 0, 0, 1, },
		{ 1, 0, 0, 0, 0, 1, 0, 0, 0, 0, 1, 0, 0, 0, 0, 1, },
	},
}
end
